 iter          CT    h
0  0.0000000E+00    1.00
1  0.1053446E-05    1.000000000000000000e+00
2  0.2137216E-06    1.000000000000000000e+00
3  0.2569094E-06    1.000000000000000000e+00
4  0.3096786E-06    1.000000000000000000e+00
5  0.3744409E-06    1.000000000000000000e+00
6  0.4542968E-06    1.000000000000000000e+00
7  0.5532424E-06    1.000000000000000000e+00
8  0.6764660E-06    1.000000000000000000e+00
9  0.8307543E-06    1.000000000000000000e+00
10  0.1025032E-05   1.000000000000000000e+00
11  0.1271087E-05   1.000000000000000000e+00
12  0.1584545E-05   1.000000000000000000e+00
13  0.1986186E-05   1.000000000000000000e+00
14  0.2503708E-05   1.000000000000000000e+00
15  0.3174083E-05   1.000000000000000000e+00
16  0.4046674E-05   1.000000000000000000e+00
17  0.5187319E-05   1.000000000000000000e+00
18  0.6683622E-05   1.000000000000000000e+00
19  0.8651692E-05   1.000000000000000000e+00
20  0.1124456E-04   1.000000000000000000e+00
21  0.1466240E-04   1.000000000000000000e+00
22  0.1916463E-04   1.000000000000000000e+00
23  0.2508347E-04   1.000000000000000000e+00
24  0.3283831E-04   1.000000000000000000e+00
25  0.4294956E-04   1.000000000000000000e+00
26  0.5604972E-04   1.000000000000000000e+00
27  0.7288879E-04   1.000000000000000000e+00
28  0.9433007E-04   1.000000000000000000e+00
29  0.1213321E-03   1.000000000000000000e+00
30  0.1549130E-03   1.000000000000000000e+00
31  0.1960937E-03   1.000000000000000000e+00
32  0.2458219E-03   1.000000000000000000e+00
33  0.3048792E-03   1.000000000000000000e+00
34  0.3737820E-03   1.000000000000000000e+00
35  0.4526873E-03   1.000000000000000000e+00
36  0.5413232E-03   1.000000000000000000e+00
37  0.6389546E-03   1.000000000000000000e+00
38  0.7443956E-03   1.000000000000000000e+00
39  0.8560746E-03   1.000000000000000000e+00
40  0.9721441E-03   1.000000000000000000e+00
41  0.1090624E-02   1.000000000000000000e+00
42  0.1209568E-02   1.000000000000000000e+00
43  0.1327263E-02   1.000000000000000000e+00
44  0.1442517E-02   1.000000000000000000e+00
45  0.1555514E-02   1.000000000000000000e+00
46  0.1673526E-02   1.000000000000000000e+00
47  0.1752567E-02   1.000000000000000000e+00
48  0.1799292E-02   1.000000000000000000e+00
49  0.1833738E-02   1.000000000000000000e+00
50  0.1841078E-02   1.000000000000000000e+00
51  0.1856610E-02   1.000000000000000000e+00
52  0.1867873E-02   1.000000000000000000e+00
53  0.1908665E-02   1.000000000000000000e+00
54  0.1878966E-02   1.000000000000000000e+00
55  0.1909109E-02   1.000000000000000000e+00
56  0.1929681E-02   1.000000000000000000e+00
57  0.1926789E-02   1.000000000000000000e+00
58  0.1927829E-02   1.000000000000000000e+00
59  0.1947283E-02   1.000000000000000000e+00
60  0.1922918E-02   1.000000000000000000e+00
61  0.1895197E-02   1.000000000000000000e+00
62  0.1865428E-02   1.000000000000000000e+00
63  0.1830466E-02   1.000000000000000000e+00
64  0.1795724E-02   1.000000000000000000e+00
65  0.1754555E-02   1.000000000000000000e+00
66  0.1745620E-02   1.000000000000000000e+00
67  0.1744169E-02   1.000000000000000000e+00
68  0.1725161E-02   1.000000000000000000e+00
69  0.1683466E-02   1.000000000000000000e+00
70  0.1696886E-02   1.000000000000000000e+00
71  0.1684054E-02   1.000000000000000000e+00
72  0.1630805E-02   1.000000000000000000e+00
73  0.1587748E-02   1.000000000000000000e+00
74  0.1553903E-02   1.000000000000000000e+00
75  0.1539898E-02   1.000000000000000000e+00
76  0.1532255E-02   1.000000000000000000e+00
77  0.1515326E-02   1.000000000000000000e+00
78  0.1504388E-02   1.000000000000000000e+00
79  0.1485988E-02   1.000000000000000000e+00
80  0.1457798E-02   1.000000000000000000e+00
81  0.1461741E-02   1.000000000000000000e+00
82  0.1465521E-02   1.000000000000000000e+00
83  0.1451592E-02   1.000000000000000000e+00
84  0.1454468E-02   1.000000000000000000e+00
85  0.1393434E-02   1.000000000000000000e+00
86  0.1391335E-02   1.000000000000000000e+00
87  0.1375880E-02   1.000000000000000000e+00
88  0.1370721E-02   1.000000000000000000e+00
89  0.1364290E-02   1.000000000000000000e+00
90  0.1350488E-02   1.000000000000000000e+00
91  0.1347236E-02   1.000000000000000000e+00
92  0.1340094E-02   1.000000000000000000e+00
93  0.1327061E-02   1.000000000000000000e+00
94  0.1335064E-02   1.000000000000000000e+00
95  0.1324200E-02   1.000000000000000000e+00
96  0.1309736E-02   1.000000000000000000e+00
97  0.1281230E-02   1.000000000000000000e+00
98  0.1270169E-02   1.000000000000000000e+00
99  0.1261284E-02   1.000000000000000000e+00
100  0.1240600E-02  1.000000000000000000e+00
101  0.1255076E-02  1.000000000000000000e+00
102  0.1242775E-02  1.000000000000000000e+00
103  0.1263111E-02  1.000000000000000000e+00
104  0.1234978E-02  1.000000000000000000e+00
105  0.1237848E-02  1.000000000000000000e+00
106  0.1241106E-02  1.000000000000000000e+00
107  0.1241071E-02  1.000000000000000000e+00
108  0.1240161E-02  1.000000000000000000e+00
109  0.1230015E-02  1.000000000000000000e+00
110  0.1211155E-02  1.000000000000000000e+00
111  0.1204065E-02  1.000000000000000000e+00
112  0.1203340E-02  1.000000000000000000e+00
113  0.1211569E-02  1.000000000000000000e+00
114  0.1209652E-02  1.000000000000000000e+00
115  0.1208920E-02  1.000000000000000000e+00
116  0.1195680E-02  1.000000000000000000e+00
117  0.1220166E-02  1.000000000000000000e+00
118  0.1218206E-02  1.000000000000000000e+00
119  0.1218130E-02  1.000000000000000000e+00
120  0.1204030E-02  1.000000000000000000e+00
121  0.1201712E-02  1.000000000000000000e+00
122  0.1178458E-02  1.000000000000000000e+00
123  0.1205094E-02  1.000000000000000000e+00
124  0.1184195E-02  1.000000000000000000e+00
125  0.1190252E-02  1.000000000000000000e+00
126  0.1183161E-02  1.000000000000000000e+00
127  0.1204448E-02  1.000000000000000000e+00
128  0.1191083E-02  1.000000000000000000e+00
129  0.1203292E-02  1.000000000000000000e+00
130  0.1205059E-02  1.000000000000000000e+00
131  0.1212729E-02  1.000000000000000000e+00
132  0.1200098E-02  1.000000000000000000e+00
133  0.1182232E-02  1.000000000000000000e+00
134  0.1183859E-02  1.000000000000000000e+00
135  0.1182828E-02  1.000000000000000000e+00
136  0.1180444E-02  1.000000000000000000e+00
137  0.1175638E-02  1.000000000000000000e+00
138  0.1168349E-02  1.000000000000000000e+00
139  0.1180729E-02  1.000000000000000000e+00
140  0.1180014E-02  1.000000000000000000e+00
141  0.1187629E-02  1.000000000000000000e+00
142  0.1199241E-02  1.000000000000000000e+00
143  0.1197920E-02  1.000000000000000000e+00
144  0.1193079E-02  1.000000000000000000e+00
145  0.1175960E-02  1.000000000000000000e+00
146  0.1181614E-02  1.000000000000000000e+00
147  0.1181192E-02  1.000000000000000000e+00
148  0.1183560E-02  1.000000000000000000e+00
149  0.1180512E-02  1.000000000000000000e+00
150  0.1188800E-02  1.000000000000000000e+00
151  0.1181446E-02  1.000000000000000000e+00
152  0.1174902E-02  1.000000000000000000e+00
153  0.1186880E-02  1.000000000000000000e+00
154  0.1191503E-02  1.000000000000000000e+00
155  0.1190359E-02  1.000000000000000000e+00
156  0.1183945E-02  1.000000000000000000e+00
157  0.1182111E-02  1.000000000000000000e+00
158  0.1176624E-02  1.000000000000000000e+00
159  0.1182950E-02  1.000000000000000000e+00
160  0.1179072E-02  1.000000000000000000e+00
161  0.1198148E-02  1.000000000000000000e+00
162  0.1203477E-02  1.000000000000000000e+00
163  0.1197361E-02  1.000000000000000000e+00
164  0.1195418E-02  1.000000000000000000e+00
165  0.1199190E-02  1.000000000000000000e+00
166  0.1195990E-02  1.000000000000000000e+00
167  0.1184369E-02  1.000000000000000000e+00
168  0.1175077E-02  1.000000000000000000e+00
169  0.1163280E-02  1.000000000000000000e+00
170  0.1165247E-02  1.000000000000000000e+00
171  0.1174382E-02  1.000000000000000000e+00
172  0.1170386E-02  1.000000000000000000e+00
173  0.1178285E-02  1.000000000000000000e+00
174  0.1166954E-02  1.000000000000000000e+00
175  0.1174475E-02  1.000000000000000000e+00
176  0.1155426E-02  1.000000000000000000e+00
177  0.1153056E-02  1.000000000000000000e+00
178  0.1164945E-02  1.000000000000000000e+00
179  0.1155453E-02  1.000000000000000000e+00
180  0.1154083E-02  1.000000000000000000e+00
181  0.1165098E-02  1.000000000000000000e+00
182  0.1166209E-02  1.000000000000000000e+00
183  0.1166794E-02  1.000000000000000000e+00
184  0.1168524E-02  1.000000000000000000e+00
185  0.1165353E-02  1.000000000000000000e+00
186  0.1159143E-02  1.000000000000000000e+00
187  0.1157409E-02  1.000000000000000000e+00
188  0.1149059E-02  1.000000000000000000e+00
189  0.1152603E-02  1.000000000000000000e+00
190  0.1162102E-02  1.000000000000000000e+00
191  0.1165762E-02  1.000000000000000000e+00
192  0.1168588E-02  1.000000000000000000e+00
193  0.1164022E-02  1.000000000000000000e+00
194  0.1173378E-02  1.000000000000000000e+00
195  0.1166160E-02  1.000000000000000000e+00
196  0.1164099E-02  1.000000000000000000e+00
197  0.1162884E-02  1.000000000000000000e+00
198  0.1150008E-02  1.000000000000000000e+00
199  0.1145980E-02  1.000000000000000000e+00
200  0.1152310E-02  1.000000000000000000e+00
201  0.1159885E-02  1.000000000000000000e+00
202  0.1170677E-02  1.000000000000000000e+00
203  0.1172431E-02  1.000000000000000000e+00
204  0.1176709E-02  1.000000000000000000e+00
205  0.1168989E-02  1.000000000000000000e+00
206  0.1172372E-02  1.000000000000000000e+00
207  0.1170735E-02  1.000000000000000000e+00
208  0.1177639E-02  1.000000000000000000e+00
209  0.1173579E-02  1.000000000000000000e+00
210  0.1158649E-02  1.000000000000000000e+00
211  0.1149589E-02  1.000000000000000000e+00
212  0.1151293E-02  1.000000000000000000e+00
213  0.1156739E-02  1.000000000000000000e+00
214  0.1159137E-02  1.000000000000000000e+00
215  0.1164367E-02  1.000000000000000000e+00
216  0.1161155E-02  1.000000000000000000e+00
217  0.1158453E-02  1.000000000000000000e+00
218  0.1166488E-02  1.000000000000000000e+00
219  0.1164750E-02  1.000000000000000000e+00
220  0.1161398E-02  1.000000000000000000e+00
221  0.1148586E-02  1.000000000000000000e+00
222  0.1144798E-02  1.000000000000000000e+00
223  0.1151380E-02  1.000000000000000000e+00
224  0.1152511E-02  1.000000000000000000e+00
225  0.1161928E-02  1.000000000000000000e+00
226  0.1165301E-02  1.000000000000000000e+00
227  0.1167547E-02  1.000000000000000000e+00
228  0.1161081E-02  1.000000000000000000e+00
229  0.1155910E-02  1.000000000000000000e+00
230  0.1147962E-02  1.000000000000000000e+00
231  0.1144483E-02  1.000000000000000000e+00
232  0.1141763E-02  1.000000000000000000e+00
233  0.1131232E-02  1.000000000000000000e+00
234  0.1135102E-02  1.000000000000000000e+00
235  0.1144144E-02  1.000000000000000000e+00
236  0.1147754E-02  1.000000000000000000e+00
237  0.1152282E-02  1.000000000000000000e+00
238  0.1155820E-02  1.000000000000000000e+00
239  0.1162690E-02  1.000000000000000000e+00
240  0.1160330E-02  1.000000000000000000e+00
241  0.1151642E-02  1.000000000000000000e+00
242  0.1150002E-02  1.000000000000000000e+00
243  0.1150969E-02  1.000000000000000000e+00
244  0.1145871E-02  1.000000000000000000e+00
245  0.1139267E-02  1.000000000000000000e+00
246  0.1139142E-02  1.000000000000000000e+00
247  0.1140460E-02  1.000000000000000000e+00
248  0.1136857E-02  1.000000000000000000e+00
249  0.1138021E-02  1.000000000000000000e+00
250  0.1141389E-02  1.000000000000000000e+00
251  0.1145025E-02  1.000000000000000000e+00
252  0.1137822E-02  1.000000000000000000e+00
253  0.1130214E-02  1.000000000000000000e+00
254  0.1128162E-02  1.000000000000000000e+00
255  0.1131294E-02  1.000000000000000000e+00
256  0.1129697E-02  1.000000000000000000e+00
257  0.1120384E-02  1.000000000000000000e+00
258  0.1118188E-02  1.000000000000000000e+00
259  0.1119785E-02  1.000000000000000000e+00
260  0.1123588E-02  1.000000000000000000e+00
261  0.1127720E-02  1.000000000000000000e+00
262  0.1136033E-02  1.000000000000000000e+00
263  0.1134328E-02  1.000000000000000000e+00
264  0.1131400E-02  1.000000000000000000e+00
265  0.1126806E-02  1.000000000000000000e+00
266  0.1128293E-02  1.000000000000000000e+00
267  0.1128839E-02  1.000000000000000000e+00
268  0.1123392E-02  1.000000000000000000e+00
269  0.1112757E-02  1.000000000000000000e+00
270  0.1106433E-02  1.000000000000000000e+00
271  0.1115109E-02  1.000000000000000000e+00
272  0.1118877E-02  1.000000000000000000e+00
273  0.1124325E-02  1.000000000000000000e+00
274  0.1131498E-02  1.000000000000000000e+00
275  0.1117292E-02  1.000000000000000000e+00
276  0.1115539E-02  1.000000000000000000e+00
277  0.1107505E-02  1.000000000000000000e+00
278  0.1106954E-02  1.000000000000000000e+00
279  0.1109599E-02  1.000000000000000000e+00
280  0.1111765E-02  1.000000000000000000e+00
281  0.1109041E-02  1.000000000000000000e+00
282  0.1110651E-02  1.000000000000000000e+00
283  0.1117986E-02  1.000000000000000000e+00
284  0.1122286E-02  1.000000000000000000e+00
285  0.1125674E-02  1.000000000000000000e+00
286  0.1127583E-02  1.000000000000000000e+00
287  0.1114325E-02  1.000000000000000000e+00
288  0.1108357E-02  1.000000000000000000e+00
289  0.1106374E-02  1.000000000000000000e+00
290  0.1110478E-02  1.000000000000000000e+00
291  0.1118429E-02  1.000000000000000000e+00
292  0.1127239E-02  1.000000000000000000e+00
293  0.1116928E-02  1.000000000000000000e+00
294  0.1117222E-02  1.000000000000000000e+00
295  0.1120842E-02  1.000000000000000000e+00
296  0.1120870E-02  1.000000000000000000e+00
297  0.1125879E-02  1.000000000000000000e+00
298  0.1138646E-02  1.000000000000000000e+00
299  0.1128546E-02  1.000000000000000000e+00
300  0.1121444E-02  1.000000000000000000e+00
301  0.1528884E-03  1.000000000000000000e+00
302  0.2355584E-04  1.008739031748218329e+00
303  0.1921384E-03  1.017475393669479367e+00
304  0.2909610E-03  1.026206416752474260e+00
305  0.3734267E-03  1.034929433616941230e+00
306  0.4056079E-03  1.043641779328566832e+00
307  0.4168215E-03  1.052340792213138920e+00
308  0.4174451E-03  1.061023814669705079e+00
309  0.4018281E-03  1.069688193982484492e+00
310  0.3846788E-03  1.078331283131289897e+00
311  0.3972846E-03  1.086950441600206929e+00
312  0.3800117E-03  1.095543036184289276e+00
313  0.3313483E-03  1.104106441794017623e+00
314  0.2625494E-03  1.112638042257279691e+00
315  0.1971425E-03  1.121135231118628450e+00
316  0.1429469E-03  1.129595412435568713e+00
317  0.1123795E-03  1.138016001571633184e+00
318  0.8221920E-04  1.146394425986005272e+00
319  0.5216093E-04  1.154728126019445078e+00
320  0.2437036E-04  1.163014555676281647e+00
321  0.1272554E-04  1.171251183402228557e+00
322  0.3237243E-04  1.179435492857790813e+00
323  0.5453900E-04  1.187564983687020348e+00
324  0.8242127E-04  1.195637172281390770e+00
325  0.1173595E-03  1.203649592538553526e+00
326  0.1565221E-03  1.211599796615749014e+00
327  0.1924096E-03  1.219485355677635718e+00
328  0.2226596E-03  1.227303860638314204e+00
329  0.2484520E-03  1.235052922897318384e+00
330  0.2729096E-03  1.242730175069346465e+00
331  0.2978378E-03  1.250333271707511740e+00
332  0.3218744E-03  1.257859890019891180e+00
333  0.3448852E-03  1.265307730579150913e+00
334  0.3667683E-03  1.272674518025037393e+00
335  0.3893847E-03  1.279958001759512243e+00
336  0.4146563E-03  1.287155956634323140e+00
337  0.4415034E-03  1.294266183630801814e+00
338  0.4689345E-03  1.301286510531675544e+00
339  0.4949349E-03  1.308214792584694308e+00
340  0.5197053E-03  1.315048913157863986e+00
341  0.5432741E-03  1.321786784386091318e+00
342  0.5675519E-03  1.328426347809039676e+00
343  0.5915114E-03  1.334965574999999349e+00
344  0.6153482E-03  1.341402468185585617e+00
345  0.6385305E-03  1.347735060856070977e+00
346  0.6601884E-03  1.353961418366163461e+00
347  0.6826159E-03  1.360079638526055401e+00
348  0.7058904E-03  1.366087852182551687e+00
349  0.7300185E-03  1.371984223790107871e+00
350  0.7538931E-03  1.377766951971601594e+00
351  0.7774194E-03  1.383434270068662375e+00
352  0.8003235E-03  1.388984446681397422e+00
353  0.8228438E-03  1.394415786197344964e+00
354  0.8458410E-03  1.399726629309493431e+00
355  0.8690452E-03  1.404915353523210175e+00
356  0.8918416E-03  1.409980373651923191e+00
357  0.9140836E-03  1.414920142301405281e+00
358  0.9354571E-03  1.419733150342512573e+00
359  0.9568317E-03  1.424417927372231496e+00
360  0.9789011E-03  1.428973042162897222e+00
361  0.1001743E-02  1.433397103099442127e+00
362  0.1024320E-02  1.437688758604541261e+00
363  0.1045968E-02  1.441846697551528944e+00
364  0.1066457E-02  1.445869649664955459e+00
365  0.1086995E-02  1.449756385908662848e+00
366  0.1107933E-02  1.453505718861264118e+00
367  0.1128960E-02  1.457116503078907499e+00
368  0.1150083E-02  1.460587635445216081e+00
369  0.1170885E-02  1.463918055508295790e+00
370  0.1191532E-02  1.467106745804712453e+00
371  0.1212021E-02  1.470152732170328935e+00
372  0.1233413E-02  1.473055084037922846e+00
373  0.1254702E-02  1.475812914721476465e+00
374  0.1275532E-02  1.478425381687066720e+00
375  0.1295656E-02  1.480891686810263730e+00
376  0.1314833E-02  1.483211076619963764e+00
377  0.1334202E-02  1.485382842528576885e+00
378  0.1353649E-02  1.487406321048507563e+00
379  0.1373296E-02  1.489280893994851640e+00
380  0.1392586E-02  1.491005988674257043e+00
381  0.1411749E-02  1.492581078059884936e+00
382  0.1430195E-02  1.494005680952419146e+00
383  0.1448812E-02  1.495279362127075240e+00
384  0.1467256E-02  1.496401732466565493e+00
385  0.1485319E-02  1.497372449079974910e+00
386  0.1502374E-02  1.498191215407518317e+00
387  0.1518870E-02  1.498857781311139226e+00
388  0.1535145E-02  1.499371943150930253e+00
389  0.1550917E-02  1.499733543847345141e+00
390  0.1567513E-02  1.499942472929188142e+00
391  0.1584585E-02  1.499998666567363692e+00
392  0.1601033E-02  1.499902107594375700e+00
393  0.1617083E-02  1.499652825509573573e+00
394  0.1633133E-02  1.499250896470139427e+00
395  0.1649460E-02  1.498696443267820699e+00
396  0.1666206E-02  1.497989635291418153e+00
397  0.1681644E-02  1.497130688475035942e+00
398  0.1698260E-02  1.496119865232111490e+00
399  0.1713939E-02  1.494957474375248729e+00
400  0.1730122E-02  1.493643871021870906e+00
401  0.1744589E-02  1.492179456485733358e+00
402  0.1758915E-02  1.490564678154317368e+00
403  0.1772694E-02  1.488800029352151943e+00
404  0.1785991E-02  1.486886049190099479e+00
405  0.1798216E-02  1.484823322400654177e+00
406  0.1810743E-02  1.482612479159303165e+00
407  0.1823495E-02  1.480254194892003383e+00
408  0.1835851E-02  1.477749190068835983e+00
409  0.1847534E-02  1.475098229983897058e+00
410  0.1858608E-02  1.472302124521496669e+00
411  0.1870274E-02  1.469361727908734094e+00
412  0.1881712E-02  1.466277938454525476e+00
413  0.1892037E-02  1.463051698275166679e+00
414  0.1903883E-02  1.459683993006509306e+00
415  0.1914469E-02  1.456175851502843566e+00
416  0.1925694E-02  1.452528345522578368e+00
417  0.1938073E-02  1.448742589400810354e+00
418  0.1950763E-02  1.444819739708890438e+00
419  0.1964264E-02  1.440760994901081116e+00
420  0.1976681E-02  1.436567594948424231e+00
421  0.1988697E-02  1.432240820959922223e+00
422  0.2000711E-02  1.427781994791147646e+00
423  0.2010937E-02  1.423192478640415315e+00
424  0.2019550E-02  1.418473674632615644e+00
425  0.2026816E-02  1.413627024390860409e+00
426  0.2035719E-02  1.408654008596058604e+00
427  0.2041881E-02  1.403556146534557847e+00
428  0.2051018E-02  1.398334995633993882e+00
429  0.2061059E-02  1.392992150987487854e+00
430  0.2068834E-02  1.387529244866333444e+00
431  0.2078622E-02  1.381947946221331325e+00
432  0.2083895E-02  1.376249960172911901e+00
433  0.2082465E-02  1.370437027490212456e+00
434  0.2083210E-02  1.364510924059260333e+00
435  0.2086229E-02  1.358473460340430039e+00
436  0.2088389E-02  1.352326480815336796e+00
437  0.2097354E-02  1.346071863423333959e+00
438  0.2099325E-02  1.339711518987795724e+00
439  0.2104901E-02  1.333247390632344320e+00
440  0.2100873E-02  1.326681453187216864e+00
441  0.2097936E-02  1.320015712585941969e+00
442  0.2104260E-02  1.313252205252514626e+00
443  0.2109442E-02  1.306392997479257190e+00
444  0.2116065E-02  1.299440184795553899e+00
445  0.2119259E-02  1.292395891327653867e+00
446  0.2121295E-02  1.285262269149739067e+00
447  0.2117389E-02  1.278041497626450473e+00
448  0.2111929E-02  1.270735782747081100e+00
449  0.2109791E-02  1.263347356451631542e+00
450  0.2093085E-02  1.255878475948939421e+00
451  0.2088310E-02  1.248331423027088771e+00
452  0.2071332E-02  1.240708503356309000e+00
453  0.2049644E-02  1.233012045784580124e+00
454  0.2032056E-02  1.225244401626153667e+00
455  0.2006227E-02  1.217407943943214166e+00
456  0.1993373E-02  1.209505066820892871e+00
457  0.1990508E-02  1.201538184635861262e+00
458  0.1958523E-02  1.193509731318723288e+00
459  0.1937317E-02  1.185422159610435511e+00
460  0.1904923E-02  1.177277940312980054e+00
461  0.1880167E-02  1.169079561534519529e+00
462  0.1883793E-02  1.160829527929265526e+00
463  0.1867179E-02  1.152530359932289583e+00
464  0.1835100E-02  1.144184592989518023e+00
465  0.1830416E-02  1.135794776783135340e+00
466  0.1828376E-02  1.127363474452643066e+00
467  0.1815012E-02  1.118893261811803486e+00
468  0.1761802E-02  1.110386726561713333e+00
469  0.1736271E-02  1.101846467500246174e+00
470  0.1735207E-02  1.093275093728103053e+00
471  0.1701883E-02  1.084675223851718107e+00
472  0.1695579E-02  1.076049485183256049e+00
473  0.1675058E-02  1.067400512937954460e+00
474  0.1712831E-02  1.058730949429048440e+00
475  0.1687601E-02  1.050043443260529452e+00
476  0.1661149E-02  1.041340648517978362e+00
477  0.1637753E-02  1.032625223957728711e+00
478  0.1634285E-02  1.023899832194599124e+00
479  0.1661556E-02  1.015167138888449117e+00
480  0.1589374E-02  1.006429811929803630e+00
481  0.1570100E-02  9.976905206247964619e-01
482  0.1559279E-02  9.889519348796809162e-01
483  0.1503479E-02  9.802167243851571676e-01
484  0.1504344E-02  9.714875578007671209e-01
485  0.1484643E-02  9.627671019396008001e-01
486  0.1501226E-02  9.540580209535690637e-01
487  0.1471318E-02  9.453629755194912221e-01
488  0.1470715E-02  9.366846220262395883e-01
489  0.1469755E-02  9.280256117631984214e-01
490  0.1458908E-02  9.193885901102781810e-01
491  0.1454110E-02  9.107761957297356714e-01
492  0.1406734E-02  9.021910597600483195e-01
493  0.1372314E-02  8.936358050120835061e-01
494  0.1347387E-02  8.851130451678154154e-01
495  0.1364133E-02  8.766253839818298754e-01
496  0.1301364E-02  8.681754144858586653e-01
497  0.1319209E-02  8.597657181965959738e-01
498  0.1308388E-02  8.513988643270288259e-01
499  0.1254937E-02  8.430774090015251687e-01
500  0.1253224E-02  8.348038944749244239e-01
501  0.1231474E-02  8.265808483558619857e-01
502  0.1195802E-02  8.184107828345700275e-01
503  0.1227723E-02  8.102961939153893178e-01
504  0.1249725E-02  8.022395606542224167e-01
505  0.1127898E-02  7.942433444011697263e-01
506  0.1135948E-02  7.863099880485695525e-01
507  0.1106342E-02  7.784419152846818735e-01
508  0.1096303E-02  7.706415298532368618e-01
509  0.1079040E-02  7.629112148190744236e-01
510  0.1035789E-02  7.552533318401069007e-01
511  0.9937740E-03  7.476702204458147705e-01
512  0.9568263E-03  7.401641973225088211e-01
513  0.9188240E-03  7.327375556055680805e-01
514  0.9486545E-03  7.253925641788716572e-01
515  0.9735197E-03  7.181314669816434293e-01
516  0.8812183E-03  7.109564823229123087e-01
517  0.7768012E-03  7.038698022038071267e-01
518  0.7536118E-03  6.968735916478877579e-01
519  0.7467838E-03  6.899699880397152096e-01
520  0.7203650E-03  6.831611004718696201e-01
521  0.9024899E-03  6.764490091006084560e-01
522  0.6403671E-03  6.698357645103669711e-01
523  0.6735064E-03  6.633233870872922155e-01
524  0.7319043E-03  6.569138664020026663e-01
525  0.6507926E-03  6.506091606017626594e-01
526  0.6531510E-03  6.444111958122555883e-01
527  0.5603909E-03  6.383218655491422755e-01
528  0.6292531E-03  6.323430301395801534e-01
529  0.4546315E-03  6.264765161538811133e-01
530  0.4451727E-03  6.207241158474847698e-01
531  0.3573230E-03  6.150875866134121184e-01
532  0.4275382E-03  6.095686504453722288e-01
533  0.4924163E-03  6.041689934116825089e-01
534  0.3458294E-03  5.988902651401653010e-01
535  0.3741037E-03  5.937340783141755729e-01
536  0.3288950E-03  5.887020081799162474e-01
537  0.2638792E-03  5.837955920651931585e-01
538  0.3239428E-03  5.790163289097491894e-01
539  0.3388641E-03  5.743656788073311370e-01
540  0.3775693E-03  5.698450625596220842e-01
541  0.1483094E-03  5.654558612421763941e-01
542  0.5219659E-04  5.611994157824944374e-01
543  0.4942046E-04  5.570770265503610652e-01
544  0.7789350E-04  5.530899529605736165e-01
545  0.1845962E-04  5.492394130881839143e-01
546  0.4316787E-04  5.455265832963691608e-01
547  0.8747122E-05  5.419525978770451946e-01
548  0.8054133E-04  5.385185487043341324e-01
549  0.6480535E-04  5.352254849009896454e-01
550  0.8334357E-04  5.320744125178844541e-01
551  0.1521720E-03  5.290662942266546320e-01
552  0.1022113E-03  5.262020490255980842e-01
553  0.2667195E-03  5.234825519589159093e-01
554  0.2602277E-03  5.209086338493795765e-01
555  0.3470057E-03  5.184810810445104057e-01
556  0.4450348E-03  5.162006351763456236e-01
557  0.4533142E-03  5.140679929348651589e-01
558  0.3790280E-03  5.120838058551486771e-01
559  0.4269485E-03  5.102486801183276910e-01
560  0.3983393E-03  5.085631763663938099e-01
561  0.2880029E-03  5.070278095309184163e-01
562  0.4760105E-03  5.056430486757389486e-01
563  0.5483979E-03  5.044093168536567529e-01
564  0.5021778E-03  5.033269909771914685e-01
565  0.5523459E-03  5.023964017034324714e-01
566  0.5414034E-03  5.016178333330207906e-01
567  0.6520653E-03  5.009915237232940299e-01
568  0.4819905E-03  5.005176642156189404e-01
569  0.5140890E-03  5.001963995769359572e-01
570  0.3983276E-03  5.000278279555315786e-01
571  0.5205021E-03  5.000120008510539060e-01
572  0.5327963E-03  5.001489230987787860e-01
573  0.5244547E-03  5.004385528681329909e-01
574  0.5883949E-03  5.008808016754735526e-01
575  0.5702641E-03  5.014755344111196944e-01
576  0.6216810E-03  5.022225693806305902e-01
577  0.6104128E-03  5.031216783603128517e-01
578  0.6249629E-03  5.041725866669453104e-01
579  0.5343508E-03  5.053749732416961127e-01
580  0.4765809E-03  5.067284707482072603e-01
581  0.4281089E-03  5.082326656848197288e-01
582  0.3543056E-03  5.098870985108995280e-01
583  0.4118068E-03  5.116912637872300662e-01
584  0.4209557E-03  5.136446103304277422e-01
585  0.4132635E-03  5.157465413813310251e-01
586  0.4200623E-03  5.179964147873143965e-01
587  0.3998850E-03  5.203935431984697546e-01
588  0.3731772E-03  5.229371942775957738e-01
589  0.3314701E-03  5.256265909239318246e-01
590  0.3201761E-03  5.284609115105657340e-01
591  0.2855550E-03  5.314392901354478838e-01
592  0.2770252E-03  5.345608168859277143e-01
593  0.2655201E-03  5.378245381167378047e-01
594  0.2507406E-03  5.412294567413388213e-01
595  0.2618254E-03  5.447745325365352942e-01
596  0.2916363E-03  5.484586824602699640e-01
597  0.2929384E-03  5.522807809824996639e-01
598  0.3173709E-03  5.562396604290515967e-01
599  0.3167635E-03  5.603341113383547567e-01
600  0.2614399E-03  5.645628828309374736e-01
601  0.2435057E-03  5.689246829915802772e-01
602  0.2176751E-03  5.734181792640008490e-01
603  0.1800907E-03  5.780419988579605928e-01
604  0.1484457E-03  5.827947291686592646e-01
605  0.1139048E-03  5.876749182082945389e-01
606  0.1294645E-03  5.926810750496523950e-01
607  0.1628198E-03  5.978116702815956529e-01
608  0.1932194E-03  6.030651364763073286e-01
609  0.1769233E-03  6.084398686681488089e-01
610  0.1733638E-03  6.139342248439877414e-01
611  0.1469217E-03  6.195465264448437592e-01
612  0.1247133E-03  6.252750588786948338e-01
613  0.1097035E-03  6.311180720442990388e-01
614  0.8925435E-04  6.370737808658599732e-01
615  0.6714316E-04  6.431403658383774147e-01
616  0.5398786E-04  6.493159735835178914e-01
617  0.5982242E-04  6.555987174158325326e-01
618  0.4529332E-04  6.619866779191517780e-01
619  0.3775171E-04  6.684779035329765362e-01
620  0.3172223E-04  6.750704111486937053e-01
621  0.3244347E-04  6.817621867154283199e-01
622  0.2982600E-04  6.885511858553451381e-01
623  0.2814641E-04  6.954353344882214794e-01
624  0.2701384E-04  7.024125294650898077e-01
625  0.2330755E-04  7.094806392107630977e-01
626  0.1152298E-04  7.166375043750431439e-01
627  0.6851104E-05  7.238809384924160817e-01
628  0.1238608E-04  7.312087286500298378e-01
629  0.2754564E-04  7.386186361637524511e-01
630  0.4111665E-04  7.461083972621044280e-01
631  0.4974293E-04  7.536757237778549667e-01
632  0.5222574E-04  7.613183038470677788e-01
633  0.5123459E-04  7.690338026153936690e-01
634  0.4531370E-04  7.768198629513795028e-01
635  0.4205753E-04  7.846741061665878370e-01
636  0.4176178E-04  7.925941327422999505e-01
637  0.4189400E-04  8.005775230625831185e-01
638  0.4084545E-04  8.086218381534981958e-01
639  0.4248405E-04  8.167246204282206934e-01
640  0.5059646E-04  8.248833944378481942e-01
641  0.6007846E-04  8.330956676276669581e-01
642  0.6987135E-04  8.413589310986381298e-01
643  0.7752727E-04  8.496706603738860553e-01
644  0.8398144E-04  8.580283161699389094e-01
645  0.8647608E-04  8.664293451724939255e-01
646  0.8804741E-04  8.748711808164746362e-01
647  0.9150670E-04  8.833512440701278834e-01
648  0.9721957E-04  8.918669442229339994e-01
649  0.1034456E-03  9.004156796770867999e-01
650  0.1112120E-03  9.089948387422956966e-01
651  0.1190186E-03  9.176018004336735645e-01
652  0.1256100E-03  9.262339352724624497e-01
653  0.1321227E-03  9.348886060893566441e-01
654  0.1374329E-03  9.435631688301728826e-01
655  0.1432492E-03  9.522549733636238578e-01
656  0.1482634E-03  9.609613642909528020e-01
657  0.1525113E-03  9.696796817571701199e-01
658  0.1577102E-03  9.784072622636561523e-01
659  0.1637949E-03  9.871414394818776028e-01
660  0.1713479E-03  9.958795450679652772e-01
661  0.1787895E-03  1.004618909477910105e+00
662  0.1872770E-03  1.013356862783125312e+00
663  0.1968575E-03  1.022090735486123059e+00
664  0.2069648E-03  1.030817859336066622e+00
665  0.2157417E-03  1.039535568143934441e+00
666  0.2248799E-03  1.048241198597053891e+00
667  0.2341757E-03  1.056932091072767532e+00
668  0.2429724E-03  1.065605590450955154e+00
669  0.2523548E-03  1.074259046925193584e+00
670  0.2617794E-03  1.082889816812290462e+00
671  0.2720801E-03  1.091495263359939294e+00
672  0.2832412E-03  1.100072757552268410e+00
673  0.2957245E-03  1.108619678913018269e+00
674  0.3083135E-03  1.117133416306116178e+00
675  0.3209665E-03  1.125611368733390183e+00
676  0.3334791E-03  1.134050946129190773e+00
677  0.3458051E-03  1.142449570151674587e+00
678  0.3580088E-03  1.150804674970498764e+00
679  0.3705052E-03  1.159113708050700575e+00
680  0.3826914E-03  1.167374130932513188e+00
681  0.3936652E-03  1.175583420006875990e+00
682  0.4043136E-03  1.183739067286417868e+00
683  0.4153631E-03  1.191838581171657196e+00
684  0.4275263E-03  1.199879487212206053e+00
685  0.4410232E-03  1.207859328862725512e+00
686  0.4550826E-03  1.215775668233415097e+00
687  0.4696203E-03  1.223626086834807891e+00
688  0.4844643E-03  1.231408186316625075e+00
689  0.4993567E-03  1.239119589200494920e+00
690  0.5143581E-03  1.246757939606283561e+00
691  0.5294722E-03  1.254320903971826384e+00
692  0.5442195E-03  1.261806171765853302e+00
693  0.5588979E-03  1.269211456193863219e+00
694  0.5740877E-03  1.276534494896757410e+00
695  0.5899338E-03  1.283773050642002866e+00
696  0.6067730E-03  1.290924912007119119e+00
697  0.6240900E-03  1.297987894055283364e+00
698  0.6417397E-03  1.304959839002839406e+00
699  0.6594505E-03  1.311838616878516106e+00
700  0.6772513E-03  1.318622126174145537e+00
701  0.6946739E-03  1.325308294486683858e+00
702  0.7117914E-03  1.331895079151348193e+00
703  0.7286337E-03  1.338380467865657231e+00
704  0.7454256E-03  1.344762479304207003e+00
705  0.7626188E-03  1.351039163723974257e+00
706  0.7807445E-03  1.357208603559975524e+00
707  0.7998979E-03  1.363268914011096511e+00
708  0.8199892E-03  1.369218243615906161e+00
709  0.8408437E-03  1.375054774818295078e+00
710  0.8618216E-03  1.380776724522745580e+00
711  0.8826944E-03  1.386382344639077724e+00
712  0.9034488E-03  1.391869922616506106e+00
713  0.9237679E-03  1.397237781966828463e+00
714  0.9436595E-03  1.402484282776607305e+00
715  0.9633994E-03  1.407607822208172710e+00
716  0.9831266E-03  1.412606834989296178e+00
717  0.1003148E-02  1.417479793891394335e+00
718  0.1023503E-02  1.422225210196103484e+00
719  0.1044324E-02  1.426841634150094462e+00
720  0.1065714E-02  1.431327655407979904e+00
721  0.1087082E-02  1.435681903463182696e+00
722  0.1108009E-02  1.439903048066635716e+00
723  0.1128206E-02  1.443989799633178306e+00
724  0.1147884E-02  1.447940909635535789e+00
725  0.1167050E-02  1.451755170985748800e+00
726  0.1186354E-02  1.455431418403948074e+00
727  0.1205682E-02  1.458968528774353457e+00
728  0.1224971E-02  1.462365421488392991e+00
729  0.1244035E-02  1.465621058774835506e+00
730  0.1263098E-02  1.468734446016835227e+00
731  0.1282238E-02  1.471704632055794049e+00
732  0.1301649E-02  1.474530709481945978e+00
733  0.1320831E-02  1.477211814911575827e+00
734  0.1339798E-02  1.479747129250789106e+00
735  0.1358414E-02  1.482135877945749192e+00
736  0.1376676E-02  1.484377331219308926e+00
737  0.1395497E-02  1.486470804293960946e+00
738  0.1414239E-02  1.488415657601042774e+00
739  0.1432927E-02  1.490211296976127864e+00
740  0.1451303E-02  1.491857173840547279e+00
741  0.1469707E-02  1.493352785368981639e+00
742  0.1487940E-02  1.494697674643080676e+00
743  0.1505841E-02  1.495891430791051580e+00
744  0.1523635E-02  1.496933689113184363e+00
745  0.1540858E-02  1.497824131193269626e+00
746  0.1557491E-02  1.498562484995876076e+00
747  0.1573726E-02  1.499148524949459826e+00
748  0.1590012E-02  1.499582072015276601e+00
749  0.1606442E-02  1.499862993742080874e+00
750  0.1622537E-02  1.499991204306589054e+00
751  0.1637979E-02  1.499966664539699179e+00
752  0.1653477E-02  1.499789381938458899e+00
753  0.1668366E-02  1.499459410663772863e+00
754  0.1682408E-02  1.498976851523857734e+00
755  0.1696623E-02  1.498341851943443492e+00
756  0.1710769E-02  1.497554605918735904e+00
757  0.1724966E-02  1.496615353958148154e+00
758  0.1739185E-02  1.495524383008824509e+00
759  0.1752539E-02  1.494282026368976224e+00
760  0.1765368E-02  1.492888663586056763e+00
761  0.1778621E-02  1.491344720340808339e+00
762  0.1790667E-02  1.489650668317213489e+00
763  0.1802396E-02  1.487807025058392130e+00
764  0.1813738E-02  1.485814353808490473e+00
765  0.1824510E-02  1.483673263340604676e+00
766  0.1835826E-02  1.481384407770799161e+00
767  0.1846537E-02  1.478948486358268033e+00
768  0.1858429E-02  1.476366243291708846e+00
769  0.1870035E-02  1.473638467461967805e+00
770  0.1881260E-02  1.470765992221027885e+00
771  0.1891995E-02  1.467749695127417597e+00
772  0.1903078E-02  1.464590497678108116e+00
773  0.1914767E-02  1.461289365026992915e+00
774  0.1925887E-02  1.457847305690025408e+00
775  0.1936851E-02  1.454265371237113191e+00
776  0.1944987E-02  1.450544655970856356e+00
777  0.1953700E-02  1.446686296592230025e+00
778  0.1962224E-02  1.442691471853319474e+00
779  0.1971158E-02  1.438561402197197525e+00
780  0.1981497E-02  1.434297349385078357e+00
781  0.1990928E-02  1.429900616110838962e+00
782  0.1999905E-02  1.425372545603036611e+00
783  0.2007736E-02  1.420714521214549331e+00
784  0.2016711E-02  1.415927965999948412e+00
785  0.2026931E-02  1.411014342280746847e+00
786  0.2032097E-02  1.405975151198657125e+00
787  0.2036180E-02  1.400811932256975423e+00
788  0.2040320E-02  1.395526262850259824e+00
789  0.2043168E-02  1.390119757782423138e+00
790  0.2044971E-02  1.384594068773403741e+00
791  0.2046517E-02  1.378950883954553008e+00
792  0.2050473E-02  1.373191927352900965e+00
793  0.2052641E-02  1.367318958364456716e+00
794  0.2055251E-02  1.361333771216701516e+00
795  0.2057760E-02  1.355238194420443021e+00
796  0.2057264E-02  1.349034090211190584e+00
797  0.2059263E-02  1.342723353980234791e+00
798  0.2062448E-02  1.336307913695594429e+00
799  0.2064040E-02  1.329789729313005209e+00
800  0.2059368E-02  1.323170792177146282e+00
801  0.2052726E-02  1.316453124413273779e+00
802  0.2046867E-02  1.309638778309441864e+00
803  0.2037056E-02  1.302729835689526272e+00
804  0.2026013E-02  1.295728407277206840e+00
805  0.2017439E-02  1.288636632051129993e+00
806  0.2011719E-02  1.281456676591442134e+00
807  0.2006972E-02  1.274190734417882442e+00
808  0.1998411E-02  1.266841025319648928e+00
809  0.1996597E-02  1.259409794677242456e+00
810  0.1992885E-02  1.251899312776487028e+00
811  0.1984234E-02  1.244311874114944372e+00
812  0.1966313E-02  1.236649796700932002e+00
813  0.1951713E-02  1.228915421345355696e+00
814  0.1929191E-02  1.221111110946580203e+00
815  0.1905536E-02  1.213239249768547134e+00
816  0.1874112E-02  1.205302242712369631e+00
817  0.1868212E-02  1.197302514581618516e+00
818  0.1859809E-02  1.189242509341535303e+00
819  0.1836328E-02  1.181124689372376801e+00
820  0.1834974E-02  1.172951534717152189e+00
821  0.1815650E-02  1.164725542323952201e+00
822  0.1802297E-02  1.156449225283111337e+00
823  0.1780925E-02  1.148125112059452002e+00
824  0.1757763E-02  1.139755745719817748e+00
825  0.1740856E-02  1.131343683156149416e+00
826  0.1728481E-02  1.122891494304346427e+00
827  0.1729819E-02  1.114401761359129051e+00
828  0.1688024E-02  1.105877077985164991e+00
829  0.1698800E-02  1.097320048524689007e+00
830  0.1693721E-02  1.088733287201860911e+00
831  0.1675402E-02  1.080119417324103548e+00
832  0.1666147E-02  1.071481070480666986e+00
833  0.1640723E-02  1.062820885738662291e+00
834  0.1629155E-02  1.054141508836810681e+00
835  0.1629377E-02  1.045445591377152983e+00
836  0.1591267E-02  1.036735790014971625e+00
837  0.1594450E-02  1.028014765647163209e+00
838  0.1558168E-02  1.019285182599324102e+00
839  0.1555103E-02  1.010549707811774223e+00
840  0.1522576E-02  1.001811010024797444e+00
841  0.1526814E-02  9.930717589633266673e-01
842  0.1514815E-02  9.843346245213172585e-01
843  0.1483507E-02  9.756022759460902805e-01
844  0.1477326E-02  9.668773810228534771e-01
845  0.1446562E-02  9.581626052596761145e-01
846  0.1441809E-02  9.494606110731679260e-01
847  0.1437258E-02  9.407740569750867587e-01
848  0.1402612E-02  9.321055967601508119e-01
849  0.1399428E-02  9.234578786952880591e-01
850  0.1397731E-02  9.148335447105740981e-01
851  0.1379070E-02  9.062352295921066725e-01
852  0.1316975E-02  8.976655601770636705e-01
853  0.1326531E-02  8.891271545511865160e-01
854  0.1288833E-02  8.806226212489411953e-01
855  0.1300773E-02  8.721545584565938425e-01
856  0.1257169E-02  8.637255532184501261e-01
857  0.1254770E-02  8.553381806464954717e-01
858  0.1266766E-02  8.469950031336886953e-01
859  0.1241890E-02  8.386985695711256517e-01
860  0.1202328E-02  8.304514145693457916e-01
861  0.1207317E-02  8.222560576839933466e-01
862  0.1163610E-02  8.141150026460695077e-01
863  0.1137750E-02  8.060307365970388327e-01
864  0.1086270E-02  7.980057293289845033e-01
865  0.1038784E-02  7.900424325300722250e-01
866  0.1013458E-02  7.821432790355514753e-01
867  0.1049501E-02  7.743106820845016003e-01
868  0.1031904E-02  7.665470345825771137e-01
869  0.1051428E-02  7.588547083709596963e-01
870  0.9793592E-03  7.512360535017458263e-01
871  0.9174249E-03  7.436933975199926383e-01
872  0.8735400E-03  7.362290447526380621e-01
873  0.8890705E-03  7.288452756045152858e-01
874  0.8230619E-03  7.215443458616753736e-01
875  0.7984717E-03  7.143284860022309779e-01
876  0.7203336E-03  7.071999005149320894e-01
877  0.6983463E-03  7.001607672256797699e-01
878  0.6560900E-03  6.932132366321920314e-01
879  0.6843421E-03  6.863594312470054914e-01
880  0.6597987E-03  6.796014449490423992e-01
881  0.6528267E-03  6.729413423439173370e-01
882  0.6541877E-03  6.663811581331809952e-01
883  0.6168641E-03  6.599228964927158492e-01
884  0.6731970E-03  6.535685304604422763e-01
885  0.5699753E-03  6.473200013335427272e-01
886  0.5424124E-03  6.411792180753904669e-01
887  0.5144640E-03  6.351480567323423143e-01
888  0.5119392E-03  6.292283598605991068e-01
889  0.5443435E-03  6.234219359632930946e-01
890  0.4962160E-03  6.177305589379782358e-01
891  0.4565418E-03  6.121559675346954776e-01
892  0.3742186E-03  6.066998648247717840e-01
893  0.4298020E-03  6.013639176805257724e-01
894  0.3423103E-03  5.961497562660218463e-01
895  0.2108502E-03  5.910589735390503474e-01
896  0.3558677E-03  5.860931247644693975e-01
897  0.3048541E-03  5.812537270390566446e-01
898  0.3235814E-03  5.765422588280346705e-01
899  0.2306116E-03  5.719601595133850802e-01
900  0.1293784E-03  5.675088289541099229e-01
901  0.1228394E-03  5.631896270585693420e-01
902  0.1101605E-03  5.590038733690171346e-01
903  0.3057608E-04  5.549528466584753295e-01
904  0.5199855E-04  5.510377845400601382e-01
905  0.1095913E-03  5.472598830888844024e-01
906  0.4156623E-04  5.436202964766487788e-01
907  0.2409879E-05  5.401201366190359066e-01
908  0.6320166E-05  5.367604728360128030e-01
909  0.2099184E-04  5.335423315251478504e-01
910  0.1261654E-03  5.304666958480397376e-01
911  0.5929658E-05  5.275345054299553915e-01
912  0.1430833E-03  5.247466560727693796e-01
913  0.4058450E-04  5.221039994812913809e-01
914  0.1290555E-03  5.196073430030632156e-01
915  0.9945309E-04  5.172574493817115870e-01
916  0.2935166E-03  5.150550365239249251e-01
917  0.2401858E-03  5.130007772801266075e-01
918  0.3648214E-03  5.110952992389178329e-01
919  0.3570152E-03  5.093391845353436587e-01
920  0.4027700E-03  5.077329696730473740e-01
921  0.3732680E-03  5.062771453603668315e-01
922  0.4225642E-03  5.049721563604180341e-01
923  0.4009348E-03  5.038184013552190477e-01
924  0.3620047E-03  5.028162328238892087e-01
925  0.4471025E-03  5.019659569349647077e-01
926  0.4411573E-03  5.012678334528632984e-01
927  0.4064457E-03  5.007220756585228916e-01
928  0.4252718E-03  5.003288502842447860e-01
929  0.3716463E-03  5.000882774627546379e-01
930  0.3875646E-03  5.000004306905017071e-01
931  0.3121879E-03  5.000653368052052627e-01
932  0.3694108E-03  5.002829759776555862e-01
933  0.3679822E-03  5.006532817177712369e-01
934  0.2851756E-03  5.011761408949134688e-01
935  0.3113700E-03  5.018513937724468077e-01
936  0.2411643E-03  5.026788340565406799e-01
937  0.2971580E-03  5.036582089591933320e-01
938  0.2559632E-03  5.047892192754589447e-01
939  0.2481906E-03  5.060715194748580670e-01
940  0.3149553E-03  5.075047178069386211e-01
941  0.2737616E-03  5.090883764209577222e-01
942  0.2465924E-03  5.108220114996480099e-01
943  0.2202098E-03  5.127050934070271904e-01
944  0.1945349E-03  5.147370468502038277e-01
945  0.1633729E-03  5.169172510551343080e-01
946  0.1625249E-03  5.192450399562719143e-01
947  0.1819113E-03  5.217197024000542749e-01
948  0.1713142E-03  5.243404823621650168e-01
949  0.1833822E-03  5.271065791785040089e-01
950  0.1865301E-03  5.300171477897948069e-01
951  0.1670856E-03  5.330712989997552498e-01
952  0.1469740E-03  5.362680997467529354e-01
953  0.1384654E-03  5.396065733888593119e-01
954  0.1284026E-03  5.430857000022230041e-01
955  0.1039897E-03  5.467044166926601223e-01
956  0.1047454E-03  5.504616179203741799e-01
957  0.1168815E-03  5.543561558377091414e-01
958  0.1527621E-03  5.583868406398182493e-01
959  0.1461730E-03  5.625524409281612570e-01
960  0.1387923E-03  5.668516840867030560e-01
961  0.1325023E-03  5.712832566707027881e-01
962  0.9977808E-04  5.758458048079826419e-01
963  0.6963839E-04  5.805379346125423279e-01
964  0.5999614E-04  5.853582126103996641e-01
965  0.4997943E-04  5.903051661775260417e-01
966  0.3797920E-04  5.953772839897418789e-01
967  0.3851227E-04  6.005730164844342855e-01
968  0.3598952E-04  6.058907763339596020e-01
969  0.3339898E-04  6.113289389305799348e-01
970  0.3616412E-04  6.168858428827912466e-01
971  0.4544243E-04  6.225597905228890117e-01
972  0.4899893E-04  6.283490484256156750e-01
973  0.4418829E-04  6.342518479377299290e-01
974  0.3740172E-04  6.402663857183471530e-01
975  0.2763280E-04  6.463908242898649403e-01
976  0.1953309E-04  6.526232925993243894e-01
977  0.1567294E-04  6.589618865900337408e-01
978  0.1076149E-04  6.654046697832599611e-01
979  0.7027527E-05  6.719496738698421678e-01
980  0.1303718E-04  6.785948993115213934e-01
981  0.9818127E-05  6.853383159518056100e-01
982  0.2204486E-04  6.921778636362010406e-01
983  0.2701938E-04  6.991114528415992568e-01
984  0.2007478E-04  7.061369653146398750e-01
985  0.9199667E-05  7.132522547188485662e-01
986  0.7848944E-05  7.204551472903568676e-01
987  0.1449968E-04  7.277434425020006259e-01
988  0.2822258E-04  7.351149137355904584e-01
989  0.4014961E-04  7.425673089621647183e-01
990  0.4526299E-04  7.500983514299909283e-01
991  0.5218516E-04  7.577057403601276109e-01
992  0.5333666E-04  7.653871516493332416e-01
993  0.4808754E-04  7.731402385800832944e-01
994  0.4251397E-04  7.809626325375147449e-01
995  0.3885781E-04  7.888519437330514528e-01
996  0.3841071E-04  7.968057619344925957e-01
997  0.4050328E-04  8.048216572023606519e-01
998  0.4488936E-04  8.128971806322586868e-01
999  0.4961627E-04  8.210298651030264461e-01
1000  0.5417867E-04 8.292172260304605524e-01
1001  0.6047667E-04 8.374567621263697692e-01
1002  0.6922010E-04 8.457459561627344025e-01
1003  0.7541383E-04 8.540822757407338095e-01
1004  0.7705439E-04 8.624631740644099764e-01
1005  0.7699346E-04 8.708860907187289113e-01
1006  0.7734056E-04 8.793484524518030421e-01
1007  0.7871787E-04 8.878476739610358104e-01
1008  0.8113496E-04 8.963811586829432132e-01
1009  0.8380155E-04 9.049462995864279158e-01
1010  0.8811645E-04 9.135404799692359301e-01
1011  0.9365949E-04 9.221610742573735919e-01
1012  0.1014737E-03 9.308054488072464716e-01
1013  0.1107265E-03 9.394709627102403315e-01
1014  0.1203132E-03 9.481549685995432908e-01
1015  0.1290841E-03 9.568548134589329734e-01
1016  0.1357147E-03 9.655678394332806169e-01
1017  0.1381019E-03 9.742913846405507616e-01
1018  0.1395896E-03 9.830227839850178562e-01
1019  0.1416208E-03 9.917593699714701838e-01
1020  0.1462525E-03 1.000498473520144538e+00
1021  0.1535238E-03 1.009237424782151171e+00
1022  0.1618012E-03 1.017973553955118904e+00
1023  0.1706874E-03 1.026704192098846447e+00
1024  0.1799336E-03 1.035426671950671063e+00
1025  0.1892147E-03 1.044138328740342292e+00
1026  0.1979378E-03 1.052836501004118075e+00
1027  0.2043531E-03 1.061518531397857901e+00
1028  0.2124815E-03 1.070181767508864512e+00
1029  0.2185246E-03 1.078823562666205937e+00
1030  0.2249588E-03 1.087441276749287811e+00
1031  0.2328400E-03 1.096032276994434396e+00
1032  0.2426341E-03 1.104593938799206532e+00
1033  0.2537020E-03 1.113123646524233568e+00
1034  0.2665577E-03 1.121618794292311261e+00
1035  0.2804212E-03 1.130076786784513176e+00
1036  0.2949226E-03 1.138495040033069117e+00
1037  0.3091876E-03 1.146870982210789647e+00
1038  0.3229184E-03 1.155202054416776036e+00
1039  0.3366565E-03 1.163485711458171368e+00
1040  0.3497434E-03 1.171719422627740981e+00
1041  0.3623243E-03 1.179900672477017132e+00
1042  0.3749429E-03 1.188026961584777830e+00
1043  0.3879543E-03 1.196095807320643134e+00
1044  0.4017861E-03 1.204104744603526234e+00
1045  0.4165636E-03 1.212051326654739247e+00
1046  0.4319867E-03 1.219933125745491287e+00
1047  0.4482582E-03 1.227747733938574726e+00
1048  0.4644258E-03 1.235492763824011631e+00
1049  0.4805915E-03 1.243165849248414778e+00
1050  0.4967983E-03 1.250764646037861638e+00
1051  0.5136409E-03 1.258286832714061054e+00
1052  0.5306541E-03 1.265730111203571484e+00
1053  0.5480171E-03 1.273092207539876952e+00
1054  0.5659527E-03 1.280370872558101336e+00
1055  0.5839158E-03 1.287563882582142272e+00
1056  0.6019653E-03 1.294669040104010183e+00
1057  0.6201275E-03 1.301684174455188137e+00
1058  0.6386500E-03 1.308607142469782714e+00
1059  0.6577567E-03 1.315435829139269153e+00
1060  0.6772457E-03 1.322168148258644482e+00
1061  0.6966635E-03 1.328802043063776583e+00
1062  0.7160945E-03 1.335335486859751342e+00
1063  0.7356804E-03 1.341766483640046692e+00
1064  0.7555843E-03 1.348093068696321062e+00
1065  0.7754870E-03 1.354313309218646566e+00
1066  0.7951089E-03 1.360425304885992448e+00
1067  0.8145186E-03 1.366427188446781571e+00
1068  0.8340711E-03 1.372317126289353872e+00
1069  0.8535975E-03 1.378093319002140937e+00
1070  0.8731004E-03 1.383754001923395816e+00
1071  0.8926624E-03 1.389297445680313770e+00
1072  0.9122288E-03 1.394721956717360989e+00
1073  0.9318768E-03 1.400025877813666941e+00
1074  0.9516354E-03 1.405207588589314716e+00
1075  0.9718945E-03 1.410265506000383917e+00
1076  0.9927403E-03 1.415198084822568037e+00
1077  0.1013831E-02 1.420003818123257266e+00
1078  0.1034947E-02 1.424681237721918903e+00
1079  0.1055907E-02 1.429228914638626113e+00
1080  0.1076860E-02 1.433645459530624722e+00
1081  0.1097639E-02 1.437929523116790120e+00
1082  0.1118177E-02 1.442079796589831986e+00
1083  0.1138615E-02 1.446095012016148651e+00
1084  0.1158703E-02 1.449973942723186804e+00
1085  0.1178531E-02 1.453715403674199935e+00
1086  0.1198348E-02 1.457318251830278300e+00
1087  0.1217938E-02 1.460781386499559575e+00
1088  0.1237037E-02 1.464103749673496990e+00
1089  0.1255679E-02 1.467284326350081214e+00
1090  0.1274687E-02 1.470322144843937417e+00
1091  0.1293820E-02 1.473216277083176262e+00
1092  0.1312965E-02 1.475965838892926429e+00
1093  0.1332243E-02 1.478569990265455880e+00
1094  0.1351421E-02 1.481027935616797686e+00
1095  0.1370368E-02 1.483338924029809824e+00
1096  0.1389034E-02 1.485502249483580117e+00
1097  0.1407405E-02 1.487517251069121471e+00
1098  0.1425736E-02 1.489383313191285474e+00
1099  0.1443707E-02 1.491099865756828624e+00
1100  0.1461575E-02 1.492666384348578124e+00
1101  0.1479303E-02 1.494082390385647718e+00
1102  0.1496888E-02 1.495347451269644967e+00
1103  0.1514494E-02 1.496461180516831302e+00
1104  0.1531501E-02 1.497423237876199131e+00
1105  0.1548140E-02 1.498233329433416916e+00
1106  0.1564562E-02 1.498891207700623340e+00
1107  0.1580408E-02 1.499396671692035721e+00
1108  0.1595587E-02 1.499749566985353333e+00
1109  0.1610696E-02 1.499949785768933896e+00
1110  0.1625134E-02 1.499997266874730339e+00
1111  0.1639403E-02 1.499891995796977628e+00
1112  0.1653747E-02 1.499634004696626111e+00
1113  0.1668667E-02 1.499223372391514264e+00
1114  0.1681884E-02 1.498660224332290403e+00
1115  0.1696426E-02 1.497944732564086001e+00
1116  0.1710808E-02 1.497077115673956182e+00
1117  0.1725538E-02 1.496057638724098471e+00
1118  0.1739880E-02 1.494886613170875789e+00
1119  0.1752075E-02 1.493564396769664127e+00
1120  0.1765279E-02 1.492091393465556637e+00
1121  0.1777597E-02 1.490468053269955018e+00
1122  0.1789518E-02 1.488694872123089263e+00
1123  0.1801073E-02 1.486772391742504862e+00
1124  0.1812878E-02 1.484701199457564291e+00
1125  0.1824641E-02 1.482481928030014107e+00
1126  0.1835204E-02 1.480115255460673351e+00
1127  0.1845920E-02 1.477601904782300357e+00
1128  0.1856742E-02 1.474942643838699441e+00
1129  0.1867781E-02 1.472138285050144324e+00
1130  0.1878613E-02 1.469189685165174231e+00
1131  0.1889512E-02 1.466097744998855035e+00
1132  0.1899666E-02 1.462863409157574068e+00
1133  0.1909372E-02 1.459487665750456298e+00
1134  0.1918397E-02 1.455971546087492907e+00
1135  0.1927133E-02 1.452316124364467553e+00
1136  0.1935406E-02 1.448522517334784210e+00
1137  0.1943941E-02 1.444591883968294077e+00
1138  0.1952930E-02 1.440525425097218593e+00
1139  0.1961574E-02 1.436324383049292885e+00
1140  0.1970552E-02 1.431990041268225378e+00
1141  0.1979815E-02 1.427523723921595877e+00
1142  0.1986720E-02 1.422926795496316954e+00
1143  0.1993675E-02 1.418200660381776057e+00
1144  0.2001448E-02 1.413346762440781834e+00
1145  0.2007975E-02 1.408366584568458091e+00
1146  0.2013439E-02 1.403261648239211068e+00
1147  0.2019152E-02 1.398033513041908593e+00
1148  0.2025642E-02 1.392683776203414769e+00
1149  0.2034026E-02 1.387214072100631856e+00
1150  0.2041086E-02 1.381626071761184127e+00
1151  0.2044656E-02 1.375921482352908898e+00
1152  0.2047326E-02 1.370102046662311057e+00
1153  0.2050388E-02 1.364169542562125192e+00
1154  0.2051553E-02 1.358125782468170728e+00
1155  0.2055557E-02 1.351972612785641292e+00
1156  0.2057892E-02 1.345711913345021715e+00
1157  0.2060714E-02 1.339345596827789420e+00
1158  0.2063229E-02 1.332875608182072735e+00
1159  0.2063353E-02 1.326303924028462200e+00
1160  0.2060480E-02 1.319632552056142716e+00
1161  0.2052300E-02 1.312863530409525081e+00
1162  0.2044816E-02 1.305998927065587623e+00
1163  0.2038442E-02 1.299040839202095343e+00
1164  0.2037040E-02 1.291991392556897100e+00
1165  0.2032931E-02 1.284852740778498648e+00
1166  0.2022415E-02 1.277627064768117160e+00
1167  0.2010179E-02 1.270316572013395540e+00
1168  0.2007297E-02 1.262923495914002547e+00
1169  0.2002017E-02 1.255450095099320817e+00
1170  0.1994194E-02 1.247898652738416825e+00
1171  0.1973842E-02 1.240271475842518401e+00
1172  0.1956508E-02 1.232570894560214736e+00
1173  0.1934234E-02 1.224799261465575606e+00
1174  0.1917921E-02 1.216958950839431175e+00
1175  0.1902344E-02 1.209052357944008449e+00
1176  0.1888200E-02 1.201081898291168848e+00
1177  0.1863565E-02 1.193050006904457616e+00
1178  0.1849372E-02 1.184959137575180010e+00
1179  0.1841758E-02 1.176811762112760951e+00
1180  0.1832598E-02 1.168610369589592857e+00
1181  0.1812043E-02 1.160357465580601932e+00
1182  0.1785055E-02 1.152055571397785805e+00
1183  0.1756600E-02 1.143707223319938793e+00
1184  0.1759726E-02 1.135314971817797280e+00
1185  0.1736264E-02 1.126881380774858110e+00
1186  0.1722776E-02 1.118409026704101139e+00
1187  0.1720869E-02 1.109900497960843335e+00
1188  0.1698317E-02 1.101358393951979764e+00
1189  0.1683781E-02 1.092785324341857045e+00
1190  0.1687470E-02 1.084183908254997109e+00
1191  0.1676259E-02 1.075556773475939476e+00
1192  0.1654189E-02 1.066906555646444099e+00
1193  0.1632547E-02 1.058235897460278574e+00
1194  0.1597887E-02 1.049547447855866400e+00
1195  0.1582481E-02 1.040843861207011889e+00
1196  0.1568418E-02 1.032127796511980611e+00
1197  0.1545003E-02 1.023401916581158533e+00
1198  0.1538549E-02 1.014668887223541427e+00
1199  0.1511327E-02 1.005931376432319446e+00
1200  0.1485041E-02 9.971920535697911259e-01
1201  0.1503535E-02 9.884535885518479503e-01
1202  0.1466664E-02 9.797186510323079300e-01
1203  0.1482091E-02 9.709899095873182340e-01
1204  0.1464766E-02 9.622700309000864483e-01
1205  0.1445152E-02 9.535616789461914822e-01
1206  0.1430551E-02 9.448675141797306942e-01
1207  0.1413506E-02 9.361901927205275031e-01
1208  0.1367506E-02 9.275323655426708225e-01
1209  0.1340884E-02 9.188966776646337875e-01
1210  0.1331119E-02 9.102857673411977046e-01
1211  0.1310359E-02 9.017022652574481212e-01
1212  0.1313470E-02 8.931487937250937037e-01
1213  0.1313466E-02 8.846279658813234192e-01
1214  0.1296407E-02 8.761423848904873468e-01
1215  0.1286263E-02 8.676946431488034017e-01
1216  0.1276072E-02 8.592873214923734126e-01
1217  0.1283265E-02 8.509229884087214923e-01
1218  0.1246979E-02 8.426041992520983959e-01
1219  0.1215704E-02 8.343334954628131017e-01
1220  0.1159240E-02 8.261134037908042238e-01
1221  0.1121032E-02 8.179464355237028306e-01
1222  0.1132475E-02 8.098350857196191521e-01
1223  0.1082564E-02 8.017818324448853229e-01
1224  0.1114481E-02 7.937891360169998523e-01
1225  0.1099430E-02 7.858594382529690003e-01
1226  0.1093932E-02 7.779951617233319405e-01
1227  0.1062475E-02 7.701987090120503421e-01
1228  0.1057260E-02 7.624724619824905236e-01
1229  0.9343406E-03 7.548187810497638539e-01
1230  0.8854670E-03 7.472400044596057000e-01
1231  0.9027436E-03 7.397384475740135246e-01
1232  0.8404618E-03 7.323164021639032573e-01
1233  0.8043956E-03 7.249761357089580249e-01
1234  0.8447080E-03 7.177198907048935039e-01
1235  0.7661456E-03 7.105498839783606080e-01
1236  0.8086145E-03 7.034683060097043361e-01
1237  0.7932946E-03 6.964773202637462024e-01
1238  0.7736472E-03 6.895790625288322762e-01
1239  0.7688044E-03 6.827756402643504474e-01
1240  0.6386156E-03 6.760691319568747915e-01
1241  0.6188336E-03 6.694615864851769516e-01
1242  0.5920811E-03 6.629550224942927228e-01
1243  0.5611906E-03 6.565514277788007114e-01
1244  0.5456735E-03 6.502527586755454392e-01
1245  0.5942557E-03 6.440609394659633224e-01
1246  0.5829969E-03 6.379778617882035929e-01
1247  0.6262028E-03 6.320053840592205763e-01
1248  0.5547002E-03 6.261453309070166284e-01
1249  0.5264293E-03 6.203994926132075927e-01
1250  0.5259625E-03 6.147696245660799752e-01
1251  0.2835363E-03 6.092574467243103697e-01
1252  0.3940728E-03 6.038646430915065588e-01
1253  0.2711429E-03 5.985928612017342720e-01
1254  0.3763120E-03 5.934437116161899173e-01
1255  0.2650358E-03 5.884187674311546212e-01
1256  0.2598668E-03 5.835195637974128768e-01
1257  0.1520722E-03 5.787475974512547028e-01
1258  0.1776908E-03 5.741043262572043115e-01
1259  0.2011334E-03 5.695911687626435960e-01
1260  0.6691400E-04 5.652095037644360165e-01
1261  0.1941222E-03 5.609606698876882236e-01
1262  0.1243889E-03 5.568459651768001839e-01
1263  0.9423357E-04 5.528666466989033967e-01
1264  0.8087180E-04 5.490239301598163202e-01
1265  0.1112198E-04 5.453189895326379100e-01
1266  0.1993000E-04 5.417529566990992862e-01
1267  0.2504127E-04 5.383269211037594593e-01
1268  0.4741107E-04 5.350419294211735677e-01
1269  0.7676628E-04 5.318989852361348802e-01
1270  0.4349405E-04 5.288990487370657245e-01
1271  0.1075945E-03 5.260430364226756916e-01
1272  0.1349604E-03 5.233318208219706058e-01
1273  0.6038619E-04 5.207662302276835353e-01
1274  0.9693155E-04 5.183470484432298742e-01
1275  0.2024195E-03 5.160750145432494440e-01
1276  0.2154898E-03 5.139508226478149977e-01
1277  0.2903558E-03 5.119751217103748475e-01
1278  0.3192139E-03 5.101485153194924571e-01
1279  0.2866805E-03 5.084715615144477230e-01
1280  0.3056099E-03 5.069447726147520150e-01
1281  0.3054827E-03 5.055686150636314879e-01
1282  0.3583064E-03 5.043435092855259594e-01
1283  0.2431199E-03 5.032698295576467640e-01
1284  0.4800432E-03 5.023479038956324416e-01
1285  0.3043245E-03 5.015780139533387860e-01
1286  0.3071949E-03 5.009603949367907871e-01
1287  0.3252768E-03 5.004952355323266655e-01
1288  0.3499210E-03 5.001826778489527614e-01
1289  0.4203959E-03 5.000228173749282634e-01
1290  0.3732389E-03 5.000157029485929883e-01
1291  0.3464515E-03 5.001613367434470936e-01
1292  0.2978736E-03 5.004596742674872756e-01
1293  0.2669485E-03 5.009106243767987854e-01
1294  0.2957507E-03 5.015140493034005997e-01
1295  0.2235255E-03 5.022697646973348640e-01
1296  0.2705178E-03 5.031775396829868408e-01
1297  0.2235643E-03 5.042370969296171568e-01
1298  0.2674623E-03 5.054481127360910264e-01
1299  0.2863760E-03 5.068102171297688141e-01
1300  0.2430977E-03 5.083229939795341767e-01
1301  0.1992001E-03 5.099859811229275897e-01
1302  0.2229642E-03 5.117986705073375164e-01
1303  0.1574257E-03 5.137605083452125854e-01
1304  0.1182946E-03 5.158708952832496974e-01
1305  0.1330032E-03 5.181291865855000012e-01
1306  0.1449588E-03 5.205346923303360018e-01
1307  0.1440456E-03 5.230866776212301783e-01
1308  0.1604318E-03 5.257843628112712775e-01
1309  0.1739865E-03 5.286269237413461219e-01
1310  0.1776431E-03 5.316134919919297541e-01
1311  0.1679595E-03 5.347431551483931012e-01
1312  0.1685724E-03 5.380149570797463365e-01
1313  0.1392525E-03 5.414278982307477728e-01
1314  0.1330631E-03 5.449809359272715925e-01
1315  0.1104762E-03 5.486729846948517064e-01
1316  0.9011509E-04 5.525029165903004857e-01
1317  0.1043233E-03 5.564695615463020051e-01
1318  0.1279531E-03 5.605717077288756567e-01
1319  0.1059383E-03 5.648081019075974485e-01
1320  0.8593189E-04 5.691774498384706282e-01
1321  0.5729778E-04 5.736784166593238421e-01
1322  0.4630561E-04 5.783096272976211427e-01
1323  0.4786906E-04 5.830696668905533953e-01
1324  0.5094614E-04 5.879570812172881800e-01
1325  0.5080991E-04 5.929703771432430770e-01
1326  0.5256471E-04 5.981080230762469974e-01
1327  0.5336851E-04 6.033684494344513372e-01
1328  0.3923804E-04 6.087500491258458490e-01
1329  0.2335571E-04 6.142511780392359011e-01
1330  0.5907957E-05 6.198701555465288004e-01
1331  0.2013699E-04 6.256052650161703088e-01
1332  0.2877780E-04 6.314547543375979011e-01
1333  0.3870614E-04 6.374168364565101497e-01
1334  0.3637850E-04 6.434896899208224497e-01
1335  0.3236944E-04 6.496714594371428841e-01
1336  0.2983622E-04 6.559602564375645040e-01
1337  0.2596295E-04 6.623541596566339118e-01
1338  0.3191771E-04 6.688512157183211793e-01
1339  0.5034353E-04 6.754494397327762689e-01
1340  0.5836413E-04 6.821468159027261891e-01
1341  0.5923828E-04 6.889412981393183699e-01
1342  0.6389781E-04 6.958308106872149734e-01
1343  0.6321081E-04 7.028132487587359645e-01
1344  0.6673651E-04 7.098864791768969562e-01
1345  0.7285592E-04 7.170483410271080160e-01
1346  0.8169783E-04 7.242966463173328151e-01
1347  0.8539189E-04 7.316291806465466951e-01
1348  0.8368164E-04 7.390437038812495141e-01
1349  0.8455647E-04 7.465379508398265473e-01
1350  0.8717808E-04 7.541096319845902451e-01
1351  0.9160122E-04 7.617564341212399448e-01
1352  0.9558375E-04 7.694760211055586829e-01
1353  0.9896349E-04 7.772660345571192897e-01
1354  0.1016750E-03 7.851240945797831605e-01
1355  0.1028205E-03 7.930478004887738797e-01
1356  0.1022174E-03 8.010347315441000982e-01
1357  0.1015812E-03 8.090824476901069540e-01
1358  0.1010814E-03 8.171884903009272172e-01
1359  0.9998605E-04 8.253503829316062301e-01
1360  0.9983559E-04 8.335656320746718251e-01
1361  0.1015714E-03 8.418317279219145188e-01
1362  0.1055143E-03 8.501461451311500550e-01
1363  0.1112759E-03 8.585063435977261515e-01
1364  0.1172757E-03 8.669097692305403058e-01
1365  0.1223774E-03 8.753538547323295171e-01
1366  0.1261662E-03 8.838360203839956686e-01
1367  0.1289445E-03 8.923536748327245416e-01
1368  0.1311629E-03 9.009042158836604308e-01
1369  0.1331647E-03 9.094850312948921101e-01
1370  0.1354932E-03 9.180934995755101191e-01
1371  0.1377977E-03 9.267269907864794654e-01
1372  0.1406605E-03 9.353828673441196839e-01
1373  0.1452987E-03 9.440584848258863904e-01
1374  0.1506908E-03 9.527511927782579271e-01
1375  0.1570115E-03 9.614583355264818554e-01
1376  0.1628872E-03 9.701772529858828653e-01
1377  0.1681355E-03 9.789052814745352604e-01
1378  0.1726969E-03 9.876397545270492184e-01
1379  0.1767827E-03 9.963780037091766184e-01
1380  0.1818949E-03 1.005117359433035373e+00
1381  0.1879605E-03 1.013855151772691698e+00
1382  0.1946305E-03 1.022588711279840412e+00
1383  0.2012188E-03 1.031315369799321813e+00
1384  0.2080146E-03 1.040032461284274623e+00
1385  0.2158806E-03 1.048737322610629796e+00
1386  0.2254837E-03 1.057427294390695049e+00
1387  0.2364606E-03 1.066099721785629617e+00
1388  0.2476700E-03 1.074751955316513685e+00
1389  0.2580509E-03 1.083381351673763815e+00
1390  0.2677236E-03 1.091985274524698513e+00
1391  0.2777193E-03 1.100561095318944416e+00
1392  0.2889513E-03 1.109106194091475928e+00
1393  0.3007190E-03 1.117617960263030952e+00
1394  0.3120762E-03 1.126093793437657586e+00
1395  0.3230044E-03 1.134531104197151974e+00
1396  0.3337092E-03 1.142927314892140389e+00
1397  0.3446485E-03 1.151279860429567092e+00
1398  0.3560504E-03 1.159586189056345473e+00
1399  0.3688158E-03 1.167843763138934010e+00
1400  0.3813647E-03 1.176050059938599013e+00
1401  0.3930001E-03 1.184202572382126339e+00
1402  0.4042799E-03 1.192298809827746942e+00
1403  0.4163838E-03 1.200336298826043979e+00
1404  0.4292651E-03 1.208312583875605029e+00
1405  0.4430746E-03 1.216225228173194672e+00
1406  0.4574393E-03 1.224071814358210331e+00
1407  0.4717924E-03 1.231849945251202616e+00
1408  0.4864554E-03 1.239557244586225959e+00
1409  0.5022674E-03 1.247191357736804562e+00
1410  0.5186129E-03 1.254749952435284532e+00
1411  0.5347158E-03 1.262230719485349040e+00
1412  0.5501630E-03 1.269631373467506874e+00
1413  0.5653777E-03 1.276949653437288612e+00
1414  0.5811674E-03 1.284183323615977868e+00
1415  0.5976559E-03 1.291330174073669124e+00
1416  0.6146110E-03 1.298388021404401460e+00
1417  0.6319703E-03 1.305354709393202750e+00
1418  0.6496568E-03 1.312228109674837828e+00
1419  0.6676144E-03 1.319006122384025703e+00
1420  0.6856820E-03 1.325686676796961727e+00
1421  0.7034450E-03 1.332267731963941548e+00
1422  0.7210459E-03 1.338747277332885233e+00
1423  0.7389288E-03 1.345123333363561491e+00
1424  0.7567464E-03 1.351393952132360132e+00
1425  0.7744806E-03 1.357557217927394699e+00
1426  0.7926153E-03 1.363611247833753648e+00
1427  0.8114793E-03 1.369554192308751084e+00
1428  0.8309807E-03 1.375384235746976325e+00
1429  0.8511211E-03 1.381099597034958659e+00
1430  0.8717201E-03 1.386698530095321846e+00
1431  0.8924876E-03 1.392179324420214526e+00
1432  0.9131134E-03 1.397540305593883092e+00
1433  0.9334578E-03 1.402779835804213837e+00
1434  0.9534096E-03 1.407896314343096256e+00
1435  0.9732933E-03 1.412888178095448311e+00
1436  0.9933714E-03 1.417753902016757328e+00
1437  0.1013759E-02 1.422491999598990420e+00
1438  0.1034288E-02 1.427101023324732099e+00
1439  0.1055005E-02 1.431579565109409646e+00
1440  0.1075634E-02 1.435926256731469897e+00
1441  0.1096038E-02 1.440139770250381535e+00
1442  0.1116346E-02 1.444218818412326799e+00
1443  0.1136384E-02 1.448162155043466903e+00
1444  0.1156052E-02 1.451968575430655051e+00
1445  0.1175239E-02 1.455636916689482918e+00
1446  0.1194473E-02 1.459166058119550247e+00
1447  0.1214000E-02 1.462554921546844300e+00
1448  0.1233763E-02 1.465802471653129491e+00
1449  0.1253443E-02 1.468907716292242149e+00
1450  0.1273144E-02 1.471869706793199395e+00
1451  0.1292891E-02 1.474687538250019747e+00
1452  0.1312536E-02 1.477360349798183536e+00
1453  0.1331939E-02 1.479887324877626309e+00
1454  0.1351108E-02 1.482267691482204830e+00
1455  0.1369652E-02 1.484500722395551975e+00
1456  0.1387594E-02 1.486585735413242571e+00
1457  0.1405438E-02 1.488522093551211567e+00
1458  0.1423248E-02 1.490309205240358814e+00
1459  0.1440760E-02 1.491946524507274718e+00
1460  0.1458628E-02 1.493433551141037485e+00
1461  0.1476379E-02 1.494769830846033543e+00
1462  0.1493876E-02 1.495954955380746076e+00
1463  0.1511394E-02 1.496988562682475044e+00
1464  0.1528299E-02 1.497870336977949579e+00
1465  0.1544582E-02 1.498600008879799494e+00
1466  0.1560561E-02 1.499177355468853001e+00
1467  0.1576114E-02 1.499602200362242233e+00
1468  0.1591349E-02 1.499874413767287251e+00
1469  0.1606352E-02 1.499993912521149664e+00
1470  0.1621450E-02 1.499960660116238520e+00
1471  0.1636821E-02 1.499774666711363835e+00
1472  0.1652193E-02 1.499435989128634628e+00
1473  0.1667373E-02 1.498944730836096362e+00
1474  0.1681611E-02 1.498301041916123122e+00
1475  0.1695923E-02 1.497505119019566289e+00
1476  0.1709533E-02 1.496557205305675931e+00
1477  0.1722864E-02 1.495457590367813783e+00
1478  0.1735708E-02 1.494206610144982239e+00
1479  0.1747188E-02 1.492804646819191117e+00
1480  0.1759395E-02 1.491252128698700385e+00
1481  0.1771584E-02 1.489549530087169060e+00
1482  0.1784187E-02 1.487697371138751334e+00
1483  0.1796945E-02 1.485696217699187027e+00
1484  0.1809703E-02 1.483546681132934086e+00
1485  0.1821896E-02 1.481249418136389551e+00
1486  0.1834285E-02 1.478805130537267143e+00
1487  0.1845430E-02 1.476214565080186558e+00
1488  0.1855857E-02 1.473478513198532847e+00
1489  0.1866327E-02 1.470597810772673153e+00
1490  0.1875983E-02 1.467573337874591211e+00
1491  0.1885959E-02 1.464406018499016193e+00
1492  0.1895540E-02 1.461096820281136743e+00
1493  0.1905044E-02 1.457646754200988104e+00
1494  0.1914465E-02 1.454056874274586075e+00
1495  0.1923609E-02 1.450328277231918817e+00
1496  0.1933051E-02 1.446462102181894416e+00
1497  0.1942353E-02 1.442459530264331269e+00
1498  0.1951192E-02 1.438321784289111616e+00
1499  0.1959361E-02 1.434050128362612808e+00
1500  0.1966987E-02 1.429645867501508461e+00
1501  0.1974828E-02 1.425110347234079811e+00
1502  0.1982184E-02 1.420444953189150761e+00
1503  0.1989165E-02 1.415651110672766277e+00
1504  0.1996249E-02 1.410730284232756482e+00
1505  0.2002622E-02 1.405683977211305891e+00
1506  0.2008542E-02 1.400513731285674801e+00
1507  0.2015244E-02 1.395221125997206268e+00
1508  0.2022492E-02 1.389807778268768113e+00
1509  0.2028897E-02 1.384275341910771839e+00
1510  0.2032530E-02 1.378625507115924798e+00
1511  0.2034116E-02 1.372859999942865006e+00
1512  0.2033864E-02 1.366980581788840521e+00
1513  0.2033638E-02 1.360989048851592331e+00
1514  0.2034881E-02 1.354887231580603535e+00
1515  0.2036719E-02 1.348676994117887773e+00
1516  0.2036684E-02 1.342360233728481900e+00
1517  0.2037305E-02 1.335938880220818747e+00
1518  0.2039596E-02 1.329414895357162063e+00
1519  0.2040371E-02 1.322790272254272592e+00
1520  0.2037242E-02 1.316067034774500488e+00
1521  0.2032079E-02 1.309247236907488787e+00
1522  0.2024698E-02 1.302332962142653150e+00
1523  0.2014984E-02 1.295326322832676347e+00
1524  0.2003959E-02 1.288229459548171141e+00
1525  0.1993682E-02 1.281044540423711187e+00
1526  0.1978823E-02 1.273773760495464646e+00
1527  0.1968690E-02 1.266419341030598389e+00
1528  0.1966379E-02 1.258983528848653499e+00
1529  0.1960778E-02 1.251468595635142123e+00
1530  0.1959976E-02 1.243876837247532174e+00
1531  0.1944173E-02 1.236210573013842851e+00
1532  0.1921284E-02 1.228472145024075202e+00
1533  0.1897802E-02 1.220663917414701816e+00
1534  0.1878709E-02 1.212788275646396352e+00
1535  0.1861978E-02 1.204847625775259612e+00
1536  0.1845852E-02 1.196844393717771071e+00
1537  0.1824692E-02 1.188781024509639739e+00
1538  0.1803607E-02 1.180659981558833227e+00
1539  0.1804140E-02 1.172483745893005080e+00
1540  0.1790966E-02 1.164254815401510212e+00
1541  0.1792176E-02 1.155975704072292443e+00
1542  0.1768356E-02 1.147648941223844199e+00
1543  0.1734143E-02 1.139277070732485075e+00
1544  0.1735627E-02 1.130862650255191726e+00
1545  0.1710871E-02 1.122408250448218459e+00
1546  0.1711271E-02 1.113916454181746118e+00
1547  0.1680211E-02 1.105389855750799510e+00
1548  0.1678606E-02 1.096831060082675169e+00
1549  0.1667662E-02 1.088242681941119505e+00
1550  0.1651578E-02 1.079627345127503801e+00
1551  0.1647268E-02 1.070987681679235637e+00
1552  0.1649983E-02 1.062326331065656992e+00
1553  0.1626628E-02 1.053645939381669283e+00
1554  0.1595135E-02 1.044949158539336009e+00
1555  0.1573838E-02 1.036238645457707941e+00
1556  0.1562973E-02 1.027517061251117081e+00
1557  0.1570066E-02 1.018787070416191876e+00
1558  0.1545507E-02 1.010051340017835475e+00
1559  0.1510108E-02 1.001312538874423064e+00
1560  0.1492616E-02 9.925733367424587339e-01
1561  0.1493816E-02 9.838364035009585784e-01
1562  0.1468246E-02 9.751044083357678360e-01
1563  0.1460961E-02 9.663800189241249505e-01
1564  0.1452060E-02 9.576659006196707180e-01
1565  0.1418457E-02 9.489647156381493254e-01
1566  0.1419640E-02 9.402791222441022612e-01
1567  0.1411048E-02 9.316117739387522745e-01
1568  0.1382237E-02 9.229653186493266270e-01
1569  0.1386621E-02 9.143423979201158458e-01
1570  0.1360889E-02 9.057456461054630426e-01
1571  0.1330094E-02 8.971776895649469230e-01
1572  0.1304706E-02 8.886411458610108394e-01
1573  0.1293632E-02 8.801386229592970123e-01
1574  0.1300298E-02 8.716727184318824317e-01
1575  0.1292229E-02 8.632460186637043176e-01
1576  0.1262028E-02 8.548610980624194999e-01
1577  0.1245684E-02 8.465205182718921195e-01
1578  0.1227128E-02 8.382268273895955302e-01
1579  0.1183609E-02 8.299825591881692111e-01
1580  0.1157212E-02 8.217902323413180943e-01
1581  0.1122467E-02 8.136523496543516254e-01
1582  0.1095520E-02 8.055713972995595107e-01
1583  0.1039723E-02 7.975498440566715086e-01
1584  0.1023022E-02 7.895901405586299715e-01
1585  0.9471163E-03 7.816947185429068412e-01
1586  0.9928590E-03 7.738659901085932491e-01
1587  0.1016929E-02 7.661063469794883174e-01
1588  0.1006560E-02 7.584181597734135361e-01
1589  0.9483523E-03 7.508037772779743158e-01
1590  0.9165065E-03 7.432655257329919829e-01
1591  0.8470170E-03 7.358057081198221550e-01
1592  0.8385987E-03 7.284266034577810967e-01
1593  0.7642023E-03 7.211304661078915546e-01
1594  0.6814319E-03 7.139195250841608997e-01
1595  0.6823072E-03 7.067959833726047414e-01
1596  0.7353452E-03 6.997620172582216247e-01
1597  0.6617250E-03 6.928197756601239821e-01
1598  0.6845723E-03 6.859713794750306182e-01
1599  0.6506897E-03 6.792189209293203467e-01
1600  0.6045897E-03 6.725644629398429553e-01
1601  0.5966837E-03 6.660100384836912246e-01
1602  0.6292728E-03 6.595576499771022005e-01
1603  0.6251295E-03 6.532092686637182011e-01
1604  0.5862444E-03 6.469668340123601036e-01
1605  0.5966006E-03 6.408322531244958764e-01
1606  0.5722368E-03 6.348074001516217368e-01
1607  0.5539720E-03 6.288941157226970446e-01
1608  0.4891761E-03 6.230942063818102339e-01
1609  0.4874297E-03 6.174094440362792868e-01
1610  0.4679965E-03 6.118415654153223082e-01
1611  0.4436415E-03 6.063922715394719498e-01
1612  0.3784330E-03 6.010632272009013288e-01
1613  0.4391904E-03 5.958560604548314155e-01
1614  0.3791922E-03 5.907723621221387944e-01
1615  0.3664567E-03 5.858136853033517610e-01
1616  0.2614859E-03 5.809815449041774160e-01
1617  0.2344159E-03 5.762774171726795513e-01
1618  0.2233786E-03 5.717027392482766368e-01
1619  0.2014180E-03 5.672589087226947990e-01
1620  0.1131650E-03 5.629472832129864823e-01
1621  0.1375939E-03 5.587691799467745524e-01
1622  0.6242822E-04 5.547258753598303116e-01
1623  0.4723656E-04 5.508186047061146562e-01
1624  0.3990821E-04 5.470485616804009465e-01
1625  0.7131882E-04 5.434168980535935001e-01
1626  0.8776840E-04 5.399247233208548380e-01
1627  0.6520419E-04 5.365731043626483787e-01
1628  0.1635037E-04 5.333630651187998284e-01
1629  0.3694051E-04 5.302955862756772998e-01
1630  0.4223732E-04 5.273716049665861938e-01
1631  0.6095060E-04 5.245920144854684386e-01
1632  0.1997231E-03 5.219576640139967916e-01
1633  0.1236447E-03 5.194693583621440292e-01
1634  0.1946557E-03 5.171278577223086259e-01
1635  0.1492414E-03 5.149338774370723071e-01
1636  0.2001357E-03 5.128880877806569760e-01
1637  0.1139882E-03 5.109911137541535142e-01
1638  0.1050098E-03 5.092435348945790752e-01
1639  0.5446058E-04 5.076458850978255999e-01
1640  0.9594297E-04 5.061986524555506239e-01
1641  0.8572369E-04 5.049022791060645554e-01
1642  0.7829030E-04 5.037571610992508386e-01
1643  0.2144978E-03 5.027636482755740710e-01
1644  0.2672730E-03 5.019220441592001647e-01
1645  0.2544418E-03 5.012326058652669669e-01
1646  0.2546702E-03 5.006955440213356479e-01
1647  0.2079744E-03 5.003110227030419521e-01
1648  0.2378912E-03 5.000791593839698512e-01
1649  0.2031997E-03 5.000000248997630292e-01
1650  0.1562490E-03 5.000736434264843044e-01
1651  0.1208141E-03 5.002999924732293158e-01
1652  0.7207083E-04 5.006790028889976929e-01
1653  0.7845635E-04 5.012105588838194903e-01
1654  0.1208409E-03 5.018944980641287801e-01
1655  0.1534605E-03 5.027306114823777428e-01
1656  0.1907516E-03 5.037186437008689399e-01
1657  0.1833773E-03 5.048582928697945560e-01
1658  0.1929525E-03 5.061492108194540762e-01
1659  0.1557119E-03 5.075910031666198696e-01
1660  0.1085998E-03 5.091832294350259192e-01
1661  0.6893021E-04 5.109254031899349568e-01
1662  0.2644971E-04 5.128169921867470338e-01
1663  0.1102159E-04 5.148574185336040054e-01
1664  0.4460937E-04 5.170460588679388625e-01
1665  0.7527558E-04 5.193822445469162830e-01
1666  0.3357176E-04 5.218652618517077846e-01
1667  0.1244902E-04 5.244943522055364182e-01
1668  0.3970693E-04 5.272687124054272756e-01
1669  0.5703152E-04 5.301874948675902033e-01
1670  0.5820024E-04 5.332498078863628921e-01
1671  0.2983401E-04 5.364547159066285209e-01
1672  0.2972369E-05 5.398012398096406761e-01
1673  0.3554700E-04 5.432883572121440796e-01
1674  0.7268563E-04 5.469150027787177404e-01
1675  0.1020868E-03 5.506800685472492685e-01
1676  0.1134148E-03 5.545824042674163401e-01
1677  0.9744047E-04 5.586208177520953777e-01
1678  0.4845033E-04 5.627940752415889758e-01
1679  0.2401850E-04 5.671009017805400676e-01
1680  0.1389165E-04 5.715399816074384631e-01
1681  0.3670915E-04 5.761099585565980785e-01
1682  0.1202984E-04 5.808094364724744052e-01
1683  0.1885953E-04 5.856369796361904356e-01
1684  0.4769401E-04 5.905911132041650191e-01
1685  0.7496259E-04 5.956703236586881056e-01
1686  0.1002573E-03 6.008730592702988815e-01
1687  0.1200714E-03 6.061977305718588838e-01
1688  0.1253250E-03 6.116427108441433447e-01
1689  0.1224649E-03 6.172063366128039963e-01
1690  0.1114700E-03 6.228869081565815424e-01
1691  0.9754980E-04 6.286826900265756191e-01
1692  0.9309280E-04 6.345919115764350193e-01
1693  0.9500430E-04 6.406127675033022051e-01
1694  0.8939286E-04 6.467434183993430175e-01
1695  0.9110892E-04 6.529819913136976073e-01
1696  0.1045185E-03 6.593265803246778356e-01
1697  0.1160170E-03 6.657752471220382828e-01
1698  0.1311180E-03 6.723260215991412325e-01
1699  0.1424267E-03 6.789769024548365506e-01
1700  0.1499476E-03 6.857258578048707198e-01
1701  0.1480507E-03 6.925708258026406217e-01
1702  0.1416883E-03 6.995097152690991082e-01
1703  0.1296172E-03 7.065404063316239602e-01
1704  0.1262370E-03 7.136607510716506120e-01
1705  0.1276837E-03 7.208685741808749103e-01
1706  0.1289882E-03 7.281616736258231803e-01
1707  0.1292060E-03 7.355378213205857607e-01
1708  0.1303813E-03 7.429947638075116156e-01
1709  0.1337505E-03 7.505302229456527474e-01
1710  0.1390952E-03 7.581418966067521303e-01
1711  0.1460599E-03 7.658274593785493467e-01
1712  0.1497817E-03 7.735845632752241796e-01
1713  0.1484303E-03 7.814108384547058250e-01
1714  0.1427229E-03 7.893038939426745282e-01
1715  0.1379395E-03 7.972613183630322675e-01
1716  0.1388577E-03 8.052806806745795853e-01
1717  0.1429631E-03 8.133595309137117146e-01
1718  0.1443557E-03 8.214954009429128456e-01
1719  0.1442267E-03 8.296858052047726417e-01
1720  0.1454018E-03 8.379282414813391533e-01
1721  0.1484009E-03 8.462201916585702088e-01
1722  0.1539945E-03 8.545591224956322618e-01
1723  0.1591111E-03 8.629424863988071071e-01
1724  0.1618958E-03 8.713677221998111788e-01
1725  0.1622002E-03 8.798322559382487640e-01
1726  0.1604342E-03 8.883335016479564361e-01
1727  0.1604143E-03 8.968688621470476408e-01
1728  0.1632860E-03 9.054357298313661095e-01
1729  0.1673303E-03 9.140314874711106263e-01
1730  0.1705008E-03 9.226535090104306391e-01
1731  0.1713240E-03 9.312991603696940679e-01
1732  0.1717175E-03 9.399658002502164766e-01
1733  0.1741197E-03 9.486507809411930392e-01
1734  0.1778933E-03 9.573514491285909367e-01
1735  0.1818179E-03 9.660651467057522757e-01
1736  0.1849965E-03 9.747892115854621675e-01
1737  0.1879863E-03 9.835209785132319471e-01
1738  0.1914145E-03 9.922577798815508388e-01
1739  0.1965133E-03 1.000996946544854715e+00
1740  0.2036822E-03 1.009735808634973919e+00
