 # Blade01
 Section  secSpan  secCL  secCD  secArea  secChord
00001 -0.6175853E+02  0.7109265E+00  0.5785974E-01  0.3828258E+02  0.1022794E+02
00002 -0.5801559E+02  0.9013551E+00  0.3319370E-01  0.4093963E+02  0.1093782E+02
00003 -0.5427265E+02  0.9599070E+00  0.2095074E-01  0.4359668E+02  0.1164771E+02
00004 -0.5052971E+02  0.9758198E+00  0.1468493E-01  0.4625373E+02  0.1235759E+02
00005 -0.4678676E+02  0.9755762E+00  0.1102870E-01  0.4891077E+02  0.1306747E+02
00006 -0.4304382E+02  0.9679694E+00  0.8452790E-02  0.5156782E+02  0.1377735E+02
00007 -0.3930088E+02  0.9562758E+00  0.7416964E-02  0.5422487E+02  0.1448724E+02
00008 -0.3555794E+02  0.9418194E+00  0.7668100E-02  0.5688192E+02  0.1519712E+02
00009 -0.3181500E+02  0.9251270E+00  0.1119328E-01  0.5953897E+02  0.1590700E+02
00010 -0.2807206E+02  0.9063454E+00  0.1474298E-01  0.6219601E+02  0.1661688E+02
00011 -0.2432912E+02  0.8854029E+00  0.1825995E-01  0.6485306E+02  0.1732676E+02
00012 -0.2058618E+02  0.8620708E+00  0.2171369E-01  0.6751011E+02  0.1803665E+02
00013 -0.1684324E+02  0.8359799E+00  0.2506687E-01  0.7016716E+02  0.1874653E+02
00014 -0.1310029E+02  0.8066186E+00  0.2806289E-01  0.7282420E+02  0.1945641E+02
00015 -0.9357353E+01  0.7733443E+00  0.2931563E-01  0.7548125E+02  0.2016629E+02
00016 -0.5614412E+01  0.7355390E+00  0.2271938E-01  0.7813830E+02  0.2087618E+02
00017 -0.1871471E+01  0.6938185E+00  0.3147120E-01  0.8079535E+02  0.2158606E+02
00018  0.1871471E+01  0.6938493E+00  0.3147599E-01  0.8079535E+02  0.2158606E+02
00019  0.5614412E+01  0.7355849E+00  0.2270662E-01  0.7813830E+02  0.2087618E+02
00020  0.9357353E+01  0.7734394E+00  0.2929172E-01  0.7548125E+02  0.2016629E+02
00021  0.1310029E+02  0.8067850E+00  0.2802309E-01  0.7282420E+02  0.1945641E+02
00022  0.1684324E+02  0.8362366E+00  0.2500647E-01  0.7016716E+02  0.1874653E+02
00023  0.2058618E+02  0.8624327E+00  0.2162820E-01  0.6751011E+02  0.1803665E+02
00024  0.2432912E+02  0.8858814E+00  0.1814504E-01  0.6485306E+02  0.1732676E+02
00025  0.2807206E+02  0.9069500E+00  0.1459438E-01  0.6219601E+02  0.1661688E+02
00026  0.3181500E+02  0.9258662E+00  0.1100675E-01  0.5953897E+02  0.1590700E+02
00027  0.3555794E+02  0.9427022E+00  0.7439462E-02  0.5688192E+02  0.1519712E+02
00028  0.3930088E+02  0.9573131E+00  0.7417102E-02  0.5422487E+02  0.1448724E+02
00029  0.4304382E+02  0.9691772E+00  0.8561322E-02  0.5156782E+02  0.1377735E+02
00030  0.4678676E+02  0.9769826E+00  0.1116168E-01  0.4891077E+02  0.1306747E+02
00031  0.5052971E+02  0.9774864E+00  0.1484888E-01  0.4625373E+02  0.1235759E+02
00032  0.5427265E+02  0.9620151E+00  0.2115915E-01  0.4359668E+02  0.1164771E+02
00033  0.5801559E+02  0.9046832E+00  0.3347665E-01  0.4093963E+02  0.1093782E+02
00034  0.6175853E+02  0.7218150E+00  0.5812957E-01  0.3828258E+02  0.1022794E+02
