30
0.0	0.0
0.0029310214228202014	-0.00012521726798409821
0.011689722144956671	-0.0004994010139565188
0.026173414408598772	-0.0013262870091902941
0.0462122901645215	-0.004667208935584046
0.07157141191620536	-0.008037313741953442
0.10195346714717812	-0.011299159820760735
0.13700225403843458	-0.0137805475905835
0.17630685760908615	-0.015238269384778867
0.21940646731880886	-0.01489153379079491
0.2657957796501049	-0.012652677749569482
0.3149309223300427	-0.010222672958164132
0.3662358307353895	-0.007453852778457799
0.4191090017236176	-0.004513243845114061
0.4729305457072912	-0.001250368938712751
0.5270694542927088	0.002220481430882284
0.5808909982763824	0.005920054479997385
0.6337641692646103	0.009723612055086404
0.6850690776699573	0.01359166145129901
0.7342042203498951	0.017350201778702248
0.7805935326811911	0.021237331068203025
0.8236931423909138	0.025928429994776313
0.8629977459615652	0.03156471134632796
0.8980465328528219	0.03673705987596186
0.9284285880837946	0.04339331250373548
0.9537877098354784	0.04891007021892785
0.9738265855914012	0.05352483936535718
0.9883102778550433	0.05713951703444029
0.9970689785771798	0.05936603769226164
1.0	0.06012607
