timestamp(iters)  CFx CFy CFz  CFwindx CFwindy CFwindz  Fx Fy Fz  Fwindx Fwindy Fwindz
00000  0.8717525E+00  0.0000000E+00  0.7577067E+00  0.8717525E+00  0.0000000E+00  0.7577067E+00  0.1109747E+06  0.0000000E+00  0.9645661E+05  0.1109747E+06  0.0000000E+00  0.9645661E+05
00001  0.1878666E-01  0.0000000E+00  0.8521774E+00  0.1878666E-01  0.0000000E+00  0.8521774E+00  0.2391555E+04  0.0000000E+00  0.1084828E+06  0.2391555E+04  0.0000000E+00  0.1084828E+06
00002  0.1894013E-01  0.0000000E+00  0.8550343E+00  0.1894013E-01  0.0000000E+00  0.8550343E+00  0.2411093E+04  0.0000000E+00  0.1088465E+06  0.2411093E+04  0.0000000E+00  0.1088465E+06
00003  0.1946698E-01  0.0000000E+00  0.8667435E+00  0.1946698E-01  0.0000000E+00  0.8667435E+00  0.2478160E+04  0.0000000E+00  0.1103371E+06  0.2478160E+04  0.0000000E+00  0.1103371E+06
00004  0.1993434E-01  0.0000000E+00  0.8775096E+00  0.1993434E-01  0.0000000E+00  0.8775096E+00  0.2537656E+04  0.0000000E+00  0.1117076E+06  0.2537656E+04  0.0000000E+00  0.1117076E+06
00005  0.2045880E-01  0.0000000E+00  0.8864828E+00  0.2045880E-01  0.0000000E+00  0.8864828E+00  0.2604420E+04  0.0000000E+00  0.1128499E+06  0.2604420E+04  0.0000000E+00  0.1128499E+06
00006  0.2230500E-01  0.0000000E+00  0.8945907E+00  0.2230500E-01  0.0000000E+00  0.8945907E+00  0.2839443E+04  0.0000000E+00  0.1138820E+06  0.2839443E+04  0.0000000E+00  0.1138820E+06
00007  0.2506699E-01  0.0000000E+00  0.8999407E+00  0.2506699E-01  0.0000000E+00  0.8999407E+00  0.3191046E+04  0.0000000E+00  0.1145631E+06  0.3191046E+04  0.0000000E+00  0.1145631E+06
00008  0.2803700E-01  0.0000000E+00  0.9027500E+00  0.2803700E-01  0.0000000E+00  0.9027500E+00  0.3569130E+04  0.0000000E+00  0.1149207E+06  0.3569130E+04  0.0000000E+00  0.1149207E+06
00009  0.3097432E-01  0.0000000E+00  0.9044436E+00  0.3097432E-01  0.0000000E+00  0.9044436E+00  0.3943053E+04  0.0000000E+00  0.1151363E+06  0.3943053E+04  0.0000000E+00  0.1151363E+06
00010  0.3379387E-01  0.0000000E+00  0.9048730E+00  0.3379387E-01  0.0000000E+00  0.9048730E+00  0.4301984E+04  0.0000000E+00  0.1151910E+06  0.4301984E+04  0.0000000E+00  0.1151910E+06
00011  0.3650363E-01  0.0000000E+00  0.9051308E+00  0.3650363E-01  0.0000000E+00  0.9051308E+00  0.4646938E+04  0.0000000E+00  0.1152238E+06  0.4646938E+04  0.0000000E+00  0.1152238E+06
00012  0.3908137E-01  0.0000000E+00  0.9049160E+00  0.3908137E-01  0.0000000E+00  0.9049160E+00  0.4975087E+04  0.0000000E+00  0.1151965E+06  0.4975087E+04  0.0000000E+00  0.1151965E+06
00013  0.4153487E-01  0.0000000E+00  0.9048153E+00  0.4153487E-01  0.0000000E+00  0.9048153E+00  0.5287418E+04  0.0000000E+00  0.1151836E+06  0.5287418E+04  0.0000000E+00  0.1151836E+06
00014  0.4427568E-01  0.0000000E+00  0.9050288E+00  0.4427568E-01  0.0000000E+00  0.9050288E+00  0.5636325E+04  0.0000000E+00  0.1152108E+06  0.5636325E+04  0.0000000E+00  0.1152108E+06
00015  0.4726962E-01  0.0000000E+00  0.9052365E+00  0.4726962E-01  0.0000000E+00  0.9052365E+00  0.6017457E+04  0.0000000E+00  0.1152373E+06  0.6017457E+04  0.0000000E+00  0.1152373E+06
