 r viVLM
 3.120689999999999853e-01    5.383683839604065824e+00
 3.362068999999999752e-01    5.275106525227246657e+00
 3.603449000000000235e-01    5.353931479845832619e+00
 3.844828000000000134e-01    5.511870494854832714e+00
 4.086207000000000034e-01    5.665894240415211947e+00
 4.327586999999999962e-01    5.804132421966164301e+00
 4.568965999999999861e-01    5.930564599251874291e+00
 4.810344999999999760e-01    6.048614489098057767e+00
 5.051723999999999659e-01    6.160363723826962179e+00
 5.293103999999999587e-01    6.266980271578896478e+00
 5.534483000000000041e-01    6.369143993496498624e+00
 5.775862000000000496e-01    6.467380501060028486e+00
 6.017242000000000424e-01    6.562071911255585199e+00
 6.258620999999999768e-01    6.653601537613744732e+00
 6.500000000000000222e-01    6.742393209758883899e+00
 6.741380000000000150e-01    6.828756220245502107e+00
 6.982758999999999494e-01    6.913076526394681842e+00
 7.224137999999999948e-01    6.995367461514319984e+00
 7.465517999999999876e-01    7.075044283637084597e+00
 7.706897000000000331e-01    7.149847858551915181e+00
 7.948275999999999675e-01    7.213766937495564413e+00
 8.189655999999999603e-01    7.253011046739886503e+00
 8.431035000000000057e-01    7.237773392755403989e+00
 8.672414000000000511e-01    7.118805076060215953e+00
 8.913792999999999855e-01    6.883757232711956497e+00
 9.155172999999999783e-01    6.758316224132905781e+00
 9.396552000000000238e-01    7.416233247752135327e+00
 9.637930999999999582e-01    7.260496988055939127e+00
 9.879310999999999510e-01    8.324172552452393958e+00
