200
0.000000000000000000e+00 0.000000000000000000e+00
6.230524117134539352e-05 1.900209220578052914e-05
2.492054369130913827e-04 7.592842047013559261e-05
5.606540077782162790e-04 1.705394660598361924e-04
9.965733342532923089e-04 3.024371179327681701e-04
1.556854776103400173e-03 4.710662998401619417e-04
2.241358699447026925e-03 6.757172419414201811e-04
3.049914511556117702e-03 9.155283906227514642e-04
3.982320703371122761e-03 1.189489948433551485e-03
5.038344899721436398e-03 1.496448034298742498e-03
6.217723917238127118e-03 1.835109452432359938e-03
7.520163829944748191e-03 2.204047056673768754e-03
8.945340042509797307e-03 2.601705695296100806e-03
1.049289737114272869e-02 3.026408719701417782e-03
1.216245013211320058e-02 3.476365038822461229e-03
1.395358223787152019e-02 3.949676699500773332e-03
1.586584730074641625e-02 4.444346971609245377e-03
1.789876874419416009e-02 4.958288915237257441e-03
2.005183992157150152e-02 5.489334405862484473e-03
2.232452424240261024e-02 6.035243592098161330e-03
2.471625530610854771e-02 6.593714759331858327e-03
2.722643704316646263e-02 7.162394571364614354e-03
2.985444386366220559e-02 7.738888661020155470e-03
3.259962081320083582e-02 8.320772539627175127e-03
3.546128373613471885e-02 8.905602794283701620e-03
3.843871944606963575e-02 9.490928540896465676e-03
4.153118590360560525e-02 1.007430310015001301e-02
4.473791240126889779e-02 1.065329586280410953e-02
4.805809975558822389e-02 1.122550431004390101e-02
5.149092050626824513e-02 1.178856615401907906e-02
5.503551912240983723e-02 1.234017156320555732e-02
5.869101221572653460e-02 1.287807543680887477e-02
6.245648876070314381e-02 1.340010969210272788e-02
6.633101032164268052e-02 1.390419552836058038e-02
7.031361128654400883e-02 1.438835563089293536e-02
7.440329910775267397e-02 1.485072627864922334e-02
7.859905454932469837e-02 1.528956931888082044e-02
8.289983194104122433e-02 1.570328397249076691e-02
8.730455943901188620e-02 1.609041843391686988e-02
9.181213929280046537e-02 1.644968122970635535e-02
9.642144811900732471e-02 1.677995230034302898e-02
1.011313371812403439e-01 1.708029377038041211e-02
1.059406326764038009e-01 1.734996037251524542e-02
1.108481360272350336e-01 1.758840949190542194e-02
1.158526241810146074e-01 1.779531079779126876e-02
1.209528499143772695e-01 1.797055543031980326e-02
1.261475421441454192e-01 1.811426471139435807e-02
1.314354062441105420e-01 1.822679834937654744e-02
1.368151243676802853e-01 1.830876210855023403e-02
1.422853557763143484e-01 1.836101491541683103e-02
1.478447371736639204e-01 1.838467537512459768e-02
1.534918830453341210e-01 1.838112767263897981e-02
1.592253860041831226e-01 1.835202683463408452e-02
1.650438171410724131e-01 1.829930332952346347e-02
1.709457263809811556e-01 1.822516698454789558e-02
1.769296428443951630e-01 1.813211020039744506e-02
1.829940752138806692e-01 1.802291044545783344e-02
1.891375121057523589e-01 1.790063201343734117e-02
1.953584224467416752e-01 1.776862702984257497e-02
2.016552558555720354e-01 1.763053569452904812e-02
2.080264430293468636e-01 1.748983686228756593e-02
2.144703961346526300e-01 1.734752947390565125e-02
2.209855092032799173e-01 1.720365059852310696e-02
2.275701585324647613e-01 1.705823609377206049e-02
2.342227030895492890e-01 1.691132219999565492e-02
2.409414849209612908e-01 1.676294553121623204e-02
2.477248295654112531e-01 1.661314306601031215e-02
2.545710464712032106e-01 1.646195213829279580e-02
2.614784294175552248e-01 1.630941042801253502e-02
2.684452569398261268e-01 1.615555595176172352e-02
2.754697927585398887e-01 1.600042705330135054e-02
2.825502862121034298e-01 1.584406239400514352e-02
2.896849726931078894e-01 1.568650094322433103e-02
2.968720740881055087e-01 1.552778196857568238e-02
3.041097992207534295e-01 1.536794502615516228e-02
3.113963442982119467e-01 1.520702995067976099e-02
3.187298933606876883e-01 1.504507684555982105e-02
3.261086187340087594e-01 1.488212607290442802e-02
3.335306814851194401e-01 1.471821824346234396e-02
3.409942318803809158e-01 1.455339420650093862e-02
3.484974098465636327e-01 1.438769503962571313e-02
3.560383454344167031e-01 1.422116203854287969e-02
3.636151592846983971e-01 1.405383670676762196e-02
3.712259630965517032e-01 1.388576074528053046e-02
3.788688600981083843e-01 1.371697604213488637e-02
3.865419455192049547e-01 1.354752466201721885e-02
3.942433070660904537e-01 1.337744883576395295e-02
4.019710253980109393e-01 1.320679094983657521e-02
4.097231746055488566e-01 1.303559353575804540e-02
4.174978226906003731e-01 1.286389925951305496e-02
4.252930320478695014e-01 1.269175091091476019e-02
4.331068599477604364e-01 1.251919139294066681e-02
4.409373590205459825e-01 1.234626371104031312e-02
4.487825777416932782e-01 1.217301096241740072e-02
4.566405609182246361e-01 1.199947632528907022e-02
4.645093501759920418e-01 1.182570304812500563e-02
4.723869844477459057e-01 1.165173443886896761e-02
4.802715004618736128e-01 1.147761385414558695e-02
4.881609332316879657e-01 1.130338468845495763e-02
4.960533165451433968e-01 1.112909036335782420e-02
5.039466834548566032e-01 1.095477431665403158e-02
5.118390667683120343e-01 1.078047999155689989e-02
5.197284995381263872e-01 1.060625082586626883e-02
5.276130155522540388e-01 1.043213024114288817e-02
5.354906498240079582e-01 1.025816163188685015e-02
5.433594390817754194e-01 1.008438835472278208e-02
5.512174222583066108e-01 9.910853717594458531e-03
5.590626409794539065e-01 9.737600968971546131e-03
5.668931400522394526e-01 9.564673287071190702e-03
5.747069679521303875e-01 9.392113769097097317e-03
5.825021773093996824e-01 9.219965420498800815e-03
5.902768253944511434e-01 9.048271144253812112e-03
5.980289746019890051e-01 8.877073730175284033e-03
6.057566929339094353e-01 8.706415844247906294e-03
6.134580544807950453e-01 8.536340017994638665e-03
6.211311399018916157e-01 8.366888637876969403e-03
6.287740369034483523e-01 8.198103934731321846e-03
6.363848407153015474e-01 8.030027973244237283e-03
6.439616545655831858e-01 7.862702641468977821e-03
6.515025901534363673e-01 7.696169640386142652e-03
6.590057681196190842e-01 7.530470473510916286e-03
6.664693185148805599e-01 7.365646436549514418e-03
6.738913812659912406e-01 7.201738607107428629e-03
6.812701066393122007e-01 7.038787834452039059e-03
6.886036557017879423e-01 6.876834729332096524e-03
6.958902007792464595e-01 6.715919653856696099e-03
7.031279259118945468e-01 6.556082711436175131e-03
7.103150273068919995e-01 6.397363736787526484e-03
7.174497137878964592e-01 6.239802286006713994e-03
7.245302072414601113e-01 6.083437626710504371e-03
7.315547430601738732e-01 5.928308728250133997e-03
7.385215705824448307e-01 5.774454251999319894e-03
7.454289535287967894e-01 5.621912541719061712e-03
7.522751704345886914e-01 5.470721614001544490e-03
7.590585150790387647e-01 5.320919148795625470e-03
7.657772969104506000e-01 5.172542480016203460e-03
7.724298414675352387e-01 5.025628586239797892e-03
7.790144907967200272e-01 4.880214081488749682e-03
7.855296038653474255e-01 4.736335206106205391e-03
7.919735569706531919e-01 4.594027817724290717e-03
7.983447441444280201e-01 4.453327382327620064e-03
8.046415775532583803e-01 4.314268965414432867e-03
8.108624878942475300e-01 4.176887223257542449e-03
8.170059247861193308e-01 4.041216394267251912e-03
8.230703571556049480e-01 3.907290290458448855e-03
8.290542736190187334e-01 3.775142289023923278e-03
8.349561828589275869e-01 3.644805324016064507e-03
8.407746139958167664e-01 3.516311878139036142e-03
8.465081169546658790e-01 3.389693974653364573e-03
8.521552628263360241e-01 3.264983169395113769e-03
8.577146442236855961e-01 3.142210542911470436e-03
8.631848756323197147e-01 3.021406692714844171e-03
8.685645937558894580e-01 2.902601725657322305e-03
8.738524578558545253e-01 2.785825250427401492e-03
8.790471500856227305e-01 2.671106370170891250e-03
8.841473758189852816e-01 2.558473675237798312e-03
8.891518639727650219e-01 2.447955236057004162e-03
8.940593673235961436e-01 2.339578596140545058e-03
8.988686628187596561e-01 2.233370765219163355e-03
9.035785518809926753e-01 2.129358212510941602e-03
9.081878607071995901e-01 2.027566860124603663e-03
9.126954405609881693e-01 1.928022076599189170e-03
9.171001680589587757e-01 1.830748670581679042e-03
9.214009454506753016e-01 1.735770884644156952e-03
9.255967008922472150e-01 1.643112389242059332e-03
9.296863887134559912e-01 1.552796276814992320e-03
9.336689896783574305e-01 1.464845056031624211e-03
9.375435112392968007e-01 1.379280646180050746e-03
9.413089877842735209e-01 1.296124371705026411e-03
9.449644808775901073e-01 1.215396956893504852e-03
9.485090794937317549e-01 1.137118520709675578e-03
9.519419002444118316e-01 1.061308571780920093e-03
9.552620875987311022e-01 9.879860035358466880e-04
9.584688140963943948e-01 9.171690894956421392e-04
9.615612805539303087e-01 8.488754787199433724e-04
9.645387162638652256e-01 7.831221914083056831e-04
9.674003791867991087e-01 7.199256146584266441e-04
9.701455561363376834e-01 6.593014983821290182e-04
9.727735629568334819e-01 6.012649513801515341e-04
9.752837446938913413e-01 5.458304375767286188e-04
9.776754757575973898e-01 4.930117724148634206e-04
9.799481600784284430e-01 4.428221194132458353e-04
9.821012312558058399e-01 3.952739868856095505e-04
9.841341526992536393e-01 3.503792248234140097e-04
9.860464177621284243e-01 3.081490219425728878e-04
9.878375498678868549e-01 2.685939028949790191e-04
9.895071026288572158e-01 2.317237256455694069e-04
9.910546599574902027e-01 1.975476790154778891e-04
9.924798361700553073e-01 1.660742803920183018e-04
9.937822760827619284e-01 1.373113736059588196e-04
9.949616551002785636e-01 1.112661269766760964e-04
9.960176792966288772e-01 8.794503152565750408e-05
9.969500854884438823e-01 6.735389935880975953e-05
9.977586413005530286e-01 4.949786221795427800e-05
9.984431452238966553e-01 3.438137020189641562e-05
9.990034266657467077e-01 2.200819065735792979e-05
9.994393459922217282e-01 1.238140724008167066e-05
9.997507945630869086e-01 5.503419146311942225e-06
9.999376947588286546e-01 1.375940514883495210e-06
1.000000000000000000e+00 0.000000000000000000e+00
