iter          CT     h
0  0.0000000E+00     1.000
1  0.1053446E-05     1.000000000000000000e+00
2  0.2137216E-06     1.000000000000000000e+00
3  0.2569094E-06     1.000000000000000000e+00
4  0.3096786E-06     1.000000000000000000e+00
5  0.3744409E-06     1.000000000000000000e+00
6  0.4542968E-06     1.000000000000000000e+00
7  0.5532424E-06     1.000000000000000000e+00
8  0.6764660E-06     1.000000000000000000e+00
9  0.8307543E-06     1.000000000000000000e+00
10  0.1025032E-05    1.000000000000000000e+00
11  0.1271087E-05    1.000000000000000000e+00
12  0.1584545E-05    1.000000000000000000e+00
13  0.1986186E-05    1.000000000000000000e+00
14  0.2503708E-05    1.000000000000000000e+00
15  0.3174083E-05    1.000000000000000000e+00
16  0.4046674E-05    1.000000000000000000e+00
17  0.5187319E-05    1.000000000000000000e+00
18  0.6683622E-05    1.000000000000000000e+00
19  0.8651692E-05    1.000000000000000000e+00
20  0.1124456E-04    1.000000000000000000e+00
21  0.1466240E-04    1.000000000000000000e+00
22  0.1916463E-04    1.000000000000000000e+00
23  0.2508347E-04    1.000000000000000000e+00
24  0.3283831E-04    1.000000000000000000e+00
25  0.4294956E-04    1.000000000000000000e+00
26  0.5604972E-04    1.000000000000000000e+00
27  0.7288879E-04    1.000000000000000000e+00
28  0.9433007E-04    1.000000000000000000e+00
29  0.1213321E-03    1.000000000000000000e+00
30  0.1549130E-03    1.000000000000000000e+00
31  0.1960937E-03    1.000000000000000000e+00
32  0.2458219E-03    1.000000000000000000e+00
33  0.3048792E-03    1.000000000000000000e+00
34  0.3737820E-03    1.000000000000000000e+00
35  0.4526873E-03    1.000000000000000000e+00
36  0.5413232E-03    1.000000000000000000e+00
37  0.6389546E-03    1.000000000000000000e+00
38  0.7443956E-03    1.000000000000000000e+00
39  0.8560746E-03    1.000000000000000000e+00
40  0.9721441E-03    1.000000000000000000e+00
41  0.1090624E-02    1.000000000000000000e+00
42  0.1209568E-02    1.000000000000000000e+00
43  0.1327263E-02    1.000000000000000000e+00
44  0.1442517E-02    1.000000000000000000e+00
45  0.1555514E-02    1.000000000000000000e+00
46  0.1673526E-02    1.000000000000000000e+00
47  0.1752567E-02    1.000000000000000000e+00
48  0.1799292E-02    1.000000000000000000e+00
49  0.1833738E-02    1.000000000000000000e+00
50  0.1841078E-02    1.000000000000000000e+00
51  0.1856610E-02    1.000000000000000000e+00
52  0.1867873E-02    1.000000000000000000e+00
53  0.1908665E-02    1.000000000000000000e+00
54  0.1878966E-02    1.000000000000000000e+00
55  0.1909109E-02    1.000000000000000000e+00
56  0.1929681E-02    1.000000000000000000e+00
57  0.1926789E-02    1.000000000000000000e+00
58  0.1927829E-02    1.000000000000000000e+00
59  0.1947283E-02    1.000000000000000000e+00
60  0.1922918E-02    1.000000000000000000e+00
61  0.1895197E-02    1.000000000000000000e+00
62  0.1865428E-02    1.000000000000000000e+00
63  0.1830466E-02    1.000000000000000000e+00
64  0.1795724E-02    1.000000000000000000e+00
65  0.1754555E-02    1.000000000000000000e+00
66  0.1745620E-02    1.000000000000000000e+00
67  0.1744169E-02    1.000000000000000000e+00
68  0.1725161E-02    1.000000000000000000e+00
69  0.1683466E-02    1.000000000000000000e+00
70  0.1696886E-02    1.000000000000000000e+00
71  0.1684054E-02    1.000000000000000000e+00
72  0.1630805E-02    1.000000000000000000e+00
73  0.1587748E-02    1.000000000000000000e+00
74  0.1553903E-02    1.000000000000000000e+00
75  0.1539898E-02    1.000000000000000000e+00
76  0.1532255E-02    1.000000000000000000e+00
77  0.1515326E-02    1.000000000000000000e+00
78  0.1504388E-02    1.000000000000000000e+00
79  0.1485988E-02    1.000000000000000000e+00
80  0.1457798E-02    1.000000000000000000e+00
81  0.1461741E-02    1.000000000000000000e+00
82  0.1465521E-02    1.000000000000000000e+00
83  0.1451592E-02    1.000000000000000000e+00
84  0.1454468E-02    1.000000000000000000e+00
85  0.1393434E-02    1.000000000000000000e+00
86  0.1391335E-02    1.000000000000000000e+00
87  0.1375880E-02    1.000000000000000000e+00
88  0.1370721E-02    1.000000000000000000e+00
89  0.1364290E-02    1.000000000000000000e+00
90  0.1350488E-02    1.000000000000000000e+00
91  0.1347236E-02    1.000000000000000000e+00
92  0.1340094E-02    1.000000000000000000e+00
93  0.1327061E-02    1.000000000000000000e+00
94  0.1335064E-02    1.000000000000000000e+00
95  0.1324200E-02    1.000000000000000000e+00
96  0.1309736E-02    1.000000000000000000e+00
97  0.1281230E-02    1.000000000000000000e+00
98  0.1270169E-02    1.000000000000000000e+00
99  0.1261284E-02    1.000000000000000000e+00
100  0.1240600E-02   1.000000000000000000e+00
101  0.1255076E-02   1.000000000000000000e+00
102  0.1242775E-02   1.000000000000000000e+00
103  0.1263111E-02   1.000000000000000000e+00
104  0.1234978E-02   1.000000000000000000e+00
105  0.1237848E-02   1.000000000000000000e+00
106  0.1241106E-02   1.000000000000000000e+00
107  0.1241071E-02   1.000000000000000000e+00
108  0.1240161E-02   1.000000000000000000e+00
109  0.1230015E-02   1.000000000000000000e+00
110  0.1211155E-02   1.000000000000000000e+00
111  0.1204065E-02   1.000000000000000000e+00
112  0.1203340E-02   1.000000000000000000e+00
113  0.1211569E-02   1.000000000000000000e+00
114  0.1209652E-02   1.000000000000000000e+00
115  0.1208920E-02   1.000000000000000000e+00
116  0.1195680E-02   1.000000000000000000e+00
117  0.1220166E-02   1.000000000000000000e+00
118  0.1218206E-02   1.000000000000000000e+00
119  0.1218130E-02   1.000000000000000000e+00
120  0.1204030E-02   1.000000000000000000e+00
121  0.1201712E-02   1.000000000000000000e+00
122  0.1178458E-02   1.000000000000000000e+00
123  0.1205094E-02   1.000000000000000000e+00
124  0.1184195E-02   1.000000000000000000e+00
125  0.1190252E-02   1.000000000000000000e+00
126  0.1183161E-02   1.000000000000000000e+00
127  0.1204448E-02   1.000000000000000000e+00
128  0.1191083E-02   1.000000000000000000e+00
129  0.1203292E-02   1.000000000000000000e+00
130  0.1205059E-02   1.000000000000000000e+00
131  0.1212729E-02   1.000000000000000000e+00
132  0.1200098E-02   1.000000000000000000e+00
133  0.1182232E-02   1.000000000000000000e+00
134  0.1183859E-02   1.000000000000000000e+00
135  0.1182828E-02   1.000000000000000000e+00
136  0.1180444E-02   1.000000000000000000e+00
137  0.1175638E-02   1.000000000000000000e+00
138  0.1168349E-02   1.000000000000000000e+00
139  0.1180729E-02   1.000000000000000000e+00
140  0.1180014E-02   1.000000000000000000e+00
141  0.1187629E-02   1.000000000000000000e+00
142  0.1199241E-02   1.000000000000000000e+00
143  0.1197920E-02   1.000000000000000000e+00
144  0.1193079E-02   1.000000000000000000e+00
145  0.1175960E-02   1.000000000000000000e+00
146  0.1181614E-02   1.000000000000000000e+00
147  0.1181192E-02   1.000000000000000000e+00
148  0.1183560E-02   1.000000000000000000e+00
149  0.1180512E-02   1.000000000000000000e+00
150  0.1188800E-02   1.000000000000000000e+00
151  0.1181446E-02   1.000000000000000000e+00
152  0.1174902E-02   1.000000000000000000e+00
153  0.1186880E-02   1.000000000000000000e+00
154  0.1191503E-02   1.000000000000000000e+00
155  0.1190359E-02   1.000000000000000000e+00
156  0.1183945E-02   1.000000000000000000e+00
157  0.1182111E-02   1.000000000000000000e+00
158  0.1176624E-02   1.000000000000000000e+00
159  0.1182950E-02   1.000000000000000000e+00
160  0.1179072E-02   1.000000000000000000e+00
161  0.1198148E-02   1.000000000000000000e+00
162  0.1203477E-02   1.000000000000000000e+00
163  0.1197361E-02   1.000000000000000000e+00
164  0.1195418E-02   1.000000000000000000e+00
165  0.1199190E-02   1.000000000000000000e+00
166  0.1195990E-02   1.000000000000000000e+00
167  0.1184369E-02   1.000000000000000000e+00
168  0.1175077E-02   1.000000000000000000e+00
169  0.1163280E-02   1.000000000000000000e+00
170  0.1165247E-02   1.000000000000000000e+00
171  0.1174382E-02   1.000000000000000000e+00
172  0.1170386E-02   1.000000000000000000e+00
173  0.1178285E-02   1.000000000000000000e+00
174  0.1166954E-02   1.000000000000000000e+00
175  0.1174475E-02   1.000000000000000000e+00
176  0.1155426E-02   1.000000000000000000e+00
177  0.1153056E-02   1.000000000000000000e+00
178  0.1164945E-02   1.000000000000000000e+00
179  0.1155453E-02   1.000000000000000000e+00
180  0.1154083E-02   1.000000000000000000e+00
181  0.1165098E-02   1.000000000000000000e+00
182  0.1166209E-02   1.000000000000000000e+00
183  0.1166794E-02   1.000000000000000000e+00
184  0.1168524E-02   1.000000000000000000e+00
185  0.1165353E-02   1.000000000000000000e+00
186  0.1159143E-02   1.000000000000000000e+00
187  0.1157409E-02   1.000000000000000000e+00
188  0.1149059E-02   1.000000000000000000e+00
189  0.1152603E-02   1.000000000000000000e+00
190  0.1162102E-02   1.000000000000000000e+00
191  0.1165762E-02   1.000000000000000000e+00
192  0.1168588E-02   1.000000000000000000e+00
193  0.1164022E-02   1.000000000000000000e+00
194  0.1173378E-02   1.000000000000000000e+00
195  0.1166160E-02   1.000000000000000000e+00
196  0.1164099E-02   1.000000000000000000e+00
197  0.1162884E-02   1.000000000000000000e+00
198  0.1150008E-02   1.000000000000000000e+00
199  0.1145980E-02   1.000000000000000000e+00
200  0.1152310E-02   1.000000000000000000e+00
201  0.1159885E-02   1.000000000000000000e+00
202  0.1170677E-02   1.000000000000000000e+00
203  0.1172431E-02   1.000000000000000000e+00
204  0.1176709E-02   1.000000000000000000e+00
205  0.1168989E-02   1.000000000000000000e+00
206  0.1172372E-02   1.000000000000000000e+00
207  0.1170735E-02   1.000000000000000000e+00
208  0.1177639E-02   1.000000000000000000e+00
209  0.1173579E-02   1.000000000000000000e+00
210  0.1158649E-02   1.000000000000000000e+00
211  0.1149589E-02   1.000000000000000000e+00
212  0.1151293E-02   1.000000000000000000e+00
213  0.1156739E-02   1.000000000000000000e+00
214  0.1159137E-02   1.000000000000000000e+00
215  0.1164367E-02   1.000000000000000000e+00
216  0.1161155E-02   1.000000000000000000e+00
217  0.1158453E-02   1.000000000000000000e+00
218  0.1166488E-02   1.000000000000000000e+00
219  0.1164750E-02   1.000000000000000000e+00
220  0.1161398E-02   1.000000000000000000e+00
221  0.1148586E-02   1.000000000000000000e+00
222  0.1144798E-02   1.000000000000000000e+00
223  0.1151380E-02   1.000000000000000000e+00
224  0.1152511E-02   1.000000000000000000e+00
225  0.1161928E-02   1.000000000000000000e+00
226  0.1165301E-02   1.000000000000000000e+00
227  0.1167547E-02   1.000000000000000000e+00
228  0.1161081E-02   1.000000000000000000e+00
229  0.1155910E-02   1.000000000000000000e+00
230  0.1147962E-02   1.000000000000000000e+00
231  0.1144483E-02   1.000000000000000000e+00
232  0.1141763E-02   1.000000000000000000e+00
233  0.1131232E-02   1.000000000000000000e+00
234  0.1135102E-02   1.000000000000000000e+00
235  0.1144144E-02   1.000000000000000000e+00
236  0.1147754E-02   1.000000000000000000e+00
237  0.1152282E-02   1.000000000000000000e+00
238  0.1155820E-02   1.000000000000000000e+00
239  0.1162690E-02   1.000000000000000000e+00
240  0.1160330E-02   1.000000000000000000e+00
241  0.1151642E-02   1.000000000000000000e+00
242  0.1150002E-02   1.000000000000000000e+00
243  0.1150969E-02   1.000000000000000000e+00
244  0.1145871E-02   1.000000000000000000e+00
245  0.1139267E-02   1.000000000000000000e+00
246  0.1139142E-02   1.000000000000000000e+00
247  0.1140460E-02   1.000000000000000000e+00
248  0.1136857E-02   1.000000000000000000e+00
249  0.1138021E-02   1.000000000000000000e+00
250  0.1141389E-02   1.000000000000000000e+00
251  0.1145025E-02   1.000000000000000000e+00
252  0.1137822E-02   1.000000000000000000e+00
253  0.1130214E-02   1.000000000000000000e+00
254  0.1128162E-02   1.000000000000000000e+00
255  0.1131294E-02   1.000000000000000000e+00
256  0.1129697E-02   1.000000000000000000e+00
257  0.1120384E-02   1.000000000000000000e+00
258  0.1118188E-02   1.000000000000000000e+00
259  0.1119785E-02   1.000000000000000000e+00
260  0.1123588E-02   1.000000000000000000e+00
261  0.1127720E-02   1.000000000000000000e+00
262  0.1136033E-02   1.000000000000000000e+00
263  0.1134328E-02   1.000000000000000000e+00
264  0.1131400E-02   1.000000000000000000e+00
265  0.1126806E-02   1.000000000000000000e+00
266  0.1128293E-02   1.000000000000000000e+00
267  0.1128839E-02   1.000000000000000000e+00
268  0.1123392E-02   1.000000000000000000e+00
269  0.1112757E-02   1.000000000000000000e+00
270  0.1106433E-02   1.000000000000000000e+00
271  0.1115109E-02   1.000000000000000000e+00
272  0.1118877E-02   1.000000000000000000e+00
273  0.1124325E-02   1.000000000000000000e+00
274  0.1131498E-02   1.000000000000000000e+00
275  0.1117292E-02   1.000000000000000000e+00
276  0.1115539E-02   1.000000000000000000e+00
277  0.1107505E-02   1.000000000000000000e+00
278  0.1106954E-02   1.000000000000000000e+00
279  0.1109599E-02   1.000000000000000000e+00
280  0.1111765E-02   1.000000000000000000e+00
281  0.1109041E-02   1.000000000000000000e+00
282  0.1110651E-02   1.000000000000000000e+00
283  0.1117986E-02   1.000000000000000000e+00
284  0.1122286E-02   1.000000000000000000e+00
285  0.1125674E-02   1.000000000000000000e+00
286  0.1127583E-02   1.000000000000000000e+00
287  0.1114325E-02   1.000000000000000000e+00
288  0.1108357E-02   1.000000000000000000e+00
289  0.1106374E-02   1.000000000000000000e+00
290  0.1110478E-02   1.000000000000000000e+00
291  0.1118429E-02   1.000000000000000000e+00
292  0.1127239E-02   1.000000000000000000e+00
293  0.1116928E-02   1.000000000000000000e+00
294  0.1117222E-02   1.000000000000000000e+00
295  0.1120842E-02   1.000000000000000000e+00
296  0.1120870E-02   1.000000000000000000e+00
297  0.1125879E-02   1.000000000000000000e+00
298  0.1138646E-02   1.000000000000000000e+00
299  0.1128546E-02   1.000000000000000000e+00
300  0.1121444E-02   1.000000000000000000e+00
301  0.6397589E-03   1.000000000000000000e+00
302  0.5572241E-03   1.004369682747852988e+00
303  0.4777434E-03   1.008739031748218329e+00
304  0.4284598E-03   1.013107713279099320e+00
305  0.3824032E-03   1.017475393669479367e+00
306  0.3644797E-03   1.021841739324806708e+00
307  0.3604784E-03   1.026206416752474260e+00
308  0.3591060E-03   1.030569092587290347e+00
309  0.3741077E-03   1.034929433616941230e+00
310  0.3836867E-03   1.039287106807440741e+00
311  0.3661216E-03   1.043641779328566832e+00
312  0.3668280E-03   1.047993118579282346e+00
313  0.4011903E-03   1.052340792213138920e+00
314  0.4385338E-03   1.056684468163660240e+00
315  0.4801056E-03   1.061023814669705079e+00
316  0.5192357E-03   1.065358500300806144e+00
317  0.5128841E-03   1.069688193982484492e+00
318  0.5255483E-03   1.074012565021536192e+00
319  0.5413249E-03   1.078331283131289675e+00
320  0.5568658E-03   1.082644018456833113e+00
321  0.5798619E-03   1.086950441600206929e+00
322  0.5915004E-03   1.091250223645563677e+00
323  0.5872986E-03   1.095543036184289498e+00
324  0.6032449E-03   1.099828551340086724e+00
325  0.6190492E-03   1.104106441794017623e+00
326  0.6429252E-03   1.108376380809503292e+00
327  0.6649339E-03   1.112638042257279691e+00
328  0.6843799E-03   1.116891100640306611e+00
329  0.6846328E-03   1.121135231118628450e+00
330  0.6919834E-03   1.125370109534184593e+00
331  0.7033161E-03   1.129595412435568491e+00
332  0.7161328E-03   1.133810817102731905e+00
333  0.7304777E-03   1.138016001571633184e+00
334  0.7353173E-03   1.142210644658828933e+00
335  0.7420302E-03   1.146394425986005272e+00
336  0.7518073E-03   1.150567026004446936e+00
337  0.7622742E-03   1.154728126019445078e+00
338  0.7739985E-03   1.158877408214637139e+00
339  0.7838705E-03   1.163014555676281647e+00
340  0.7925151E-03   1.167139252417463524e+00
341  0.7978089E-03   1.171251183402228557e+00
342  0.8056966E-03   1.175350034569645041e+00
343  0.8145055E-03   1.179435492857790813e+00
344  0.8231833E-03   1.183507246227665011e+00
345  0.8304277E-03   1.187564983687020348e+00
346  0.8330420E-03   1.191608395314116553e+00
347  0.8373860E-03   1.195637172281390548e+00
348  0.8431419E-03   1.199651006879046022e+00
349  0.8498864E-03   1.203649592538553526e+00
350  0.8561461E-03   1.207632623856067067e+00
351  0.8616967E-03   1.211599796615749014e+00
352  0.8676079E-03   1.215550807813007061e+00
353  0.8733223E-03   1.219485355677635718e+00
354  0.8800470E-03   1.223403139696864983e+00
355  0.8869711E-03   1.227303860638314204e+00
356  0.8920829E-03   1.231187220572845131e+00
357  0.8961727E-03   1.235052922897318384e+00
358  0.8978614E-03   1.238900672357246879e+00
359  0.8999288E-03   1.242730175069346465e+00
360  0.9039890E-03   1.246541138543983296e+00
361  0.9096984E-03   1.250333271707511962e+00
362  0.9156177E-03   1.254106284924508374e+00
363  0.9206150E-03   1.257859890019890958e+00
364  0.9242797E-03   1.261593800300931489e+00
365  0.9286499E-03   1.265307730579150913e+00
366  0.9333603E-03   1.269001397192102587e+00
367  0.9380663E-03   1.272674518025037393e+00
368  0.9423128E-03   1.276326812532451171e+00
369  0.9456599E-03   1.279958001759512021e+00
370  0.9485171E-03   1.283567808363366813e+00
371  0.9516688E-03   1.287155956634323140e+00
372  0.9563979E-03   1.290722172516908683e+00
373  0.9615581E-03   1.294266183630801814e+00
374  0.9665424E-03   1.297787719291636499e+00
375  0.9704722E-03   1.301286510531675544e+00
376  0.9735358E-03   1.304762290120355273e+00
377  0.9773002E-03   1.308214792584694308e+00
378  0.9816420E-03   1.311643754229570913e+00
379  0.9860397E-03   1.315048913157863986e+00
380  0.9900328E-03   1.318430009290454397e+00
381  0.9936038E-03   1.321786784386091540e+00
382  0.9963987E-03   1.325118982061115336e+00
383  0.9999364E-03   1.328426347809039676e+00
384  0.1004199E-02   1.331708629019990431e+00
385  0.1008583E-02   1.334965574999999349e+00
386  0.1012391E-02   1.338196936990151631e+00
387  0.1016398E-02   1.341402468185585839e+00
388  0.1020131E-02   1.344581923754343711e+00
389  0.1024411E-02   1.347735060856070977e+00
390  0.1029579E-02   1.350861638660563635e+00
391  0.1035218E-02   1.353961418366163461e+00
392  0.1040008E-02   1.357034163217996525e+00
393  0.1043766E-02   1.360079638526055401e+00
394  0.1046709E-02   1.363097611683125931e+00
395  0.1049914E-02   1.366087852182551687e+00
396  0.1053440E-02   1.369050131635840328e+00
397  0.1057997E-02   1.371984223790108093e+00
398  0.1062764E-02   1.374889904545358643e+00
399  0.1068138E-02   1.377766951971601594e+00
400  0.1074037E-02   1.380615146325801623e+00
401  0.1079385E-02   1.383434270068662375e+00
402  0.1084720E-02   1.386224107881241618e+00
403  0.1089934E-02   1.388984446681397422e+00
404  0.1094285E-02   1.391715075640062027e+00
405  0.1097886E-02   1.394415786197344964e+00
406  0.1101081E-02   1.397086372078462757e+00
407  0.1104769E-02   1.399726629309493431e+00
408  0.1108536E-02   1.402336356232955605e+00
409  0.1112247E-02   1.404915353523210175e+00
410  0.1116356E-02   1.407463424201686131e+00
411  0.1120940E-02   1.409980373651923191e+00
412  0.1125669E-02   1.412466009634437913e+00
413  0.1130356E-02   1.414920142301405281e+00
414  0.1134752E-02   1.417342584211160217e+00
415  0.1139227E-02   1.419733150342512573e+00
416  0.1143172E-02   1.422091658108879386e+00
417  0.1146486E-02   1.424417927372231496e+00
418  0.1149811E-02   1.426711780456849432e+00
419  0.1152527E-02   1.428973042162897222e+00
420  0.1156251E-02   1.431201539779801024e+00
421  0.1158970E-02   1.433397103099442127e+00
422  0.1162070E-02   1.435559564429155888e+00
423  0.1165025E-02   1.437688758604541261e+00
424  0.1169094E-02   1.439784523002074046e+00
425  0.1173185E-02   1.441846697551529166e+00
426  0.1176965E-02   1.443875124748205119e+00
427  0.1181002E-02   1.445869649664955459e+00
428  0.1184819E-02   1.447830119964020223e+00
429  0.1188684E-02   1.449756385908662626e+00
430  0.1191766E-02   1.451648300374604572e+00
431  0.1194442E-02   1.453505718861264118e+00
432  0.1196254E-02   1.455328499502791972e+00
433  0.1198419E-02   1.457116503078907499e+00
434  0.1200926E-02   1.458869593025531097e+00
435  0.1203829E-02   1.460587635445215859e+00
436  0.1207670E-02   1.462270499117373168e+00
437  0.1211094E-02   1.463918055508295790e+00
438  0.1214657E-02   1.465530178780975357e+00
439  0.1218110E-02   1.467106745804712231e+00
440  0.1221402E-02   1.468647636164521764e+00
441  0.1224030E-02   1.470152732170329157e+00
442  0.1225936E-02   1.471621918865960943e+00
443  0.1228097E-02   1.473055084037923068e+00
444  0.1230890E-02   1.474452118223972263e+00
445  0.1234356E-02   1.475812914721476465e+00
446  0.1237934E-02   1.477137369595565186e+00
447  0.1241542E-02   1.478425381687066720e+00
448  0.1245334E-02   1.479676852620235072e+00
449  0.1248710E-02   1.480891686810263952e+00
450  0.1251789E-02   1.482069791470586706e+00
451  0.1254796E-02   1.483211076619963764e+00
452  0.1257381E-02   1.484315455089354696e+00
453  0.1259839E-02   1.485382842528576885e+00
454  0.1262020E-02   1.486413157412746822e+00
455  0.1265058E-02   1.487406321048507341e+00
456  0.1267205E-02   1.488362257580038817e+00
457  0.1270256E-02   1.489280893994851418e+00
458  0.1272649E-02   1.490162160129362867e+00
459  0.1276032E-02   1.491005988674257043e+00
460  0.1277646E-02   1.491812315179624315e+00
461  0.1278955E-02   1.492581078059884936e+00
462  0.1281209E-02   1.493312218598492613e+00
463  0.1283742E-02   1.494005680952419146e+00
464  0.1286264E-02   1.494661412156418789e+00
465  0.1289120E-02   1.495279362127075240e+00
466  0.1291733E-02   1.495859483666625689e+00
467  0.1295352E-02   1.496401732466565493e+00
468  0.1298654E-02   1.496906067111033689e+00
469  0.1301453E-02   1.497372449079974910e+00
470  0.1305318E-02   1.497800842752082584e+00
471  0.1308222E-02   1.498191215407518317e+00
472  0.1309415E-02   1.498543537230412115e+00
473  0.1311516E-02   1.498857781311139226e+00
474  0.1314024E-02   1.499133923648375388e+00
475  0.1316240E-02   1.499371943150930253e+00
476  0.1317461E-02   1.499571821639357649e+00
477  0.1319312E-02   1.499733543847345141e+00
478  0.1320470E-02   1.499857097422879093e+00
479  0.1325205E-02   1.499942472929188142e+00
480  0.1324623E-02   1.499989663845465282e+00
481  0.1324587E-02   1.499998666567363692e+00
482  0.1327202E-02   1.499969480407274069e+00
483  0.1330888E-02   1.499902107594375700e+00
484  0.1329739E-02   1.499796553274467481e+00
485  0.1333249E-02   1.499652825509573795e+00
486  0.1337199E-02   1.499470935277328998e+00
487  0.1336915E-02   1.499250896470139427e+00
488  0.1339171E-02   1.498992725894122024e+00
489  0.1341256E-02   1.498696443267820699e+00
490  0.1343853E-02   1.498362071220700198e+00
491  0.1346307E-02   1.497989635291418153e+00
492  0.1345322E-02   1.497579163925873980e+00
493  0.1348543E-02   1.497130688475035942e+00
494  0.1352255E-02   1.496644243192547741e+00
495  0.1349930E-02   1.496119865232111712e+00
496  0.1354719E-02   1.495557594644650212e+00
497  0.1355472E-02   1.494957474375248507e+00
498  0.1357855E-02   1.494319550259872953e+00
499  0.1360165E-02   1.493643871021870906e+00
500  0.1362006E-02   1.492930488268249256e+00
501  0.1365922E-02   1.492179456485733358e+00
502  0.1370791E-02   1.491390833036603913e+00
503  0.1373139E-02   1.490564678154317368e+00
504  0.1377694E-02   1.489701054938904701e+00
505  0.1379139E-02   1.488800029352151943e+00
506  0.1383930E-02   1.487861670212562215e+00
507  0.1381289E-02   1.486886049190099479e+00
508  0.1387807E-02   1.485873240800714701e+00
509  0.1390602E-02   1.484823322400654177e+00
510  0.1386766E-02   1.483736374180551598e+00
511  0.1389591E-02   1.482612479159302943e+00
512  0.1390242E-02   1.481451723177725999e+00
513  0.1394805E-02   1.480254194892003383e+00
514  0.1398870E-02   1.479019985766911738e+00
515  0.1401808E-02   1.477749190068835983e+00
516  0.1404423E-02   1.476441904858568410e+00
517  0.1403844E-02   1.475098229983897058e+00
518  0.1404160E-02   1.473718268071977588e+00
519  0.1408699E-02   1.472302124521496669e+00
520  0.1412251E-02   1.470849907494620634e+00
521  0.1413949E-02   1.469361727908734094e+00
522  0.1412884E-02   1.467837699427969822e+00
523  0.1420559E-02   1.466277938454525698e+00
524  0.1424531E-02   1.464682564119774710e+00
525  0.1427404E-02   1.463051698275166679e+00
526  0.1432767E-02   1.461385465482920143e+00
527  0.1433404E-02   1.459683993006509084e+00
528  0.1433591E-02   1.457947410800943810e+00
529  0.1435407E-02   1.456175851502843566e+00
530  0.1440201E-02   1.454369450420307297e+00
531  0.1444287E-02   1.452528345522578368e+00
532  0.1444243E-02   1.450652677429507209e+00
533  0.1444251E-02   1.448742589400810576e+00
534  0.1446495E-02   1.446798227325130304e+00
535  0.1448373E-02   1.444819739708890438e+00
536  0.1448287E-02   1.442807277664953425e+00
537  0.1453114E-02   1.440760994901081116e+00
538  0.1452197E-02   1.438681047708191496e+00
539  0.1452076E-02   1.436567594948424453e+00
540  0.1451560E-02   1.434420798043006373e+00
541  0.1454935E-02   1.432240820959922001e+00
542  0.1452785E-02   1.430027830201390238e+00
543  0.1453466E-02   1.427781994791147868e+00
544  0.1454801E-02   1.425503486261539443e+00
545  0.1454434E-02   1.423192478640415537e+00
546  0.1453443E-02   1.420849148437841380e+00
547  0.1453677E-02   1.418473674632615644e+00
548  0.1454927E-02   1.416066238658599818e+00
549  0.1449990E-02   1.413627024390860409e+00
550  0.1451359E-02   1.411156218131626838e+00
551  0.1451123E-02   1.408654008596058826e+00
552  0.1450256E-02   1.406120586897835700e+00
553  0.1455130E-02   1.403556146534557847e+00
554  0.1458742E-02   1.400960883372968757e+00
555  0.1456298E-02   1.398334995633994104e+00
556  0.1460080E-02   1.395678683877602522e+00
557  0.1459817E-02   1.392992150987487632e+00
558  0.1460149E-02   1.390275602155571555e+00
559  0.1454562E-02   1.387529244866333222e+00
560  0.1446166E-02   1.384753288880961275e+00
561  0.1447306E-02   1.381947946221331325e+00
562  0.1450687E-02   1.379113431153814684e+00
563  0.1458514E-02   1.376249960172911901e+00
564  0.1461615E-02   1.373357751984716657e+00
565  0.1465967E-02   1.370437027490212456e+00
566  0.1466738E-02   1.367488009768400348e+00
567  0.1466518E-02   1.364510924059260333e+00
568  0.1467974E-02   1.361505997746548680e+00
569  0.1470492E-02   1.358473460340430039e+00
570  0.1469496E-02   1.355413543459948578e+00
571  0.1453110E-02   1.352326480815336573e+00
572  0.1447555E-02   1.349212508190164694e+00
573  0.1449060E-02   1.346071863423333959e+00
574  0.1451917E-02   1.342904786390908711e+00
575  0.1457822E-02   1.339711518987795724e+00
576  0.1466604E-02   1.336492305109269862e+00
577  0.1469530E-02   1.333247390632344320e+00
578  0.1465923E-02   1.329977023396992530e+00
579  0.1473268E-02   1.326681453187216864e+00
580  0.1467134E-02   1.323360931711972999e+00
581  0.1468843E-02   1.320015712585941969e+00
582  0.1465106E-02   1.316646051310162546e+00
583  0.1456011E-02   1.313252205252514626e+00
584  0.1445248E-02   1.309834433628062733e+00
585  0.1448232E-02   1.306392997479257190e+00
586  0.1450142E-02   1.302928159655997176e+00
587  0.1456169E-02   1.299440184795553899e+00
588  0.1472435E-02   1.295929339302358319e+00
589  0.1470561E-02   1.292395891327653867e+00
590  0.1464936E-02   1.288840110749016166e+00
591  0.1470826E-02   1.285262269149739067e+00
592  0.1467889E-02   1.281662639798092362e+00
593  0.1468204E-02   1.278041497626450473e+00
594  0.1460761E-02   1.274399119210293030e+00
595  0.1453674E-02   1.270735782747081100e+00
596  0.1425921E-02   1.267051768035008408e+00
597  0.1435055E-02   1.263347356451631542e+00
598  0.1439181E-02   1.259622830932378701e+00
599  0.1436022E-02   1.255878475948939421e+00
600  0.1457159E-02   1.252114577487537961e+00
601  0.1452146E-02   1.248331423027088771e+00
602  0.1454404E-02   1.244529301517241393e+00
603  0.1466125E-02   1.240708503356309222e+00
604  0.1473462E-02   1.236869320369090586e+00
605  0.1464783E-02   1.233012045784580124e+00
606  0.1450889E-02   1.229136974213570710e+00
607  0.1444252E-02   1.225244401626153667e+00
608  0.1434405E-02   1.221334625329112189e+00
609  0.1438042E-02   1.217407943943213944e+00
610  0.1432721E-02   1.213464657380403322e+00
611  0.1447022E-02   1.209505066820892871e+00
612  0.1457741E-02   1.205529474690163250e+00
613  0.1432158E-02   1.201538184635861262e+00
614  0.1445010E-02   1.197531501504609741e+00
615  0.1438706E-02   1.193509731318723288e+00
616  0.1440568E-02   1.189473181252834966e+00
617  0.1445279E-02   1.185422159610435511e+00
618  0.1447216E-02   1.181356975800324394e+00
619  0.1434405E-02   1.177277940312980054e+00
620  0.1434025E-02   1.173185364696842647e+00
621  0.1431896E-02   1.169079561534519751e+00
622  0.1421076E-02   1.164960844418913233e+00
623  0.1463379E-02   1.160829527929265303e+00
624  0.1466333E-02   1.156685927607133735e+00
625  0.1438973E-02   1.152530359932289583e+00
626  0.1448171E-02   1.148363142298546524e+00
627  0.1427537E-02   1.144184592989518023e+00
628  0.1439967E-02   1.139995031154308114e+00
629  0.1452687E-02   1.135794776783135340e+00
630  0.1461971E-02   1.131584150682892753e+00
631  0.1478641E-02   1.127363474452643288e+00
632  0.1444107E-02   1.123133070459060523e+00
633  0.1438555E-02   1.118893261811803486e+00
634  0.1442951E-02   1.114644372338840173e+00
635  0.1473700E-02   1.110386726561713333e+00
636  0.1461539E-02   1.106120649670754297e+00
637  0.1474436E-02   1.101846467500246174e+00
638  0.1449187E-02   1.097564506503535986e+00
639  0.1431525E-02   1.093275093728103053e+00
640  0.1492481E-02   1.088978556790577645e+00
641  0.1488427E-02   1.084675223851718107e+00
642  0.1489105E-02   1.080365423591349350e+00
643  0.1471162E-02   1.076049485183256049e+00
644  0.1460965E-02   1.071727738270042307e+00
645  0.1463565E-02   1.067400512937954460e+00
646  0.1462797E-02   1.063068139691668801e+00
647  0.1484250E-02   1.058730949429048662e+00
648  0.1439323E-02   1.054389273415872186e+00
649  0.1457112E-02   1.050043443260529452e+00
650  0.1455964E-02   1.045693790888695407e+00
651  0.1417925E-02   1.041340648517978362e+00
652  0.1461003E-02   1.036984348632545627e+00
653  0.1461609E-02   1.032625223957728711e+00
654  0.1474570E-02   1.028263607434611204e+00
655  0.1460341E-02   1.023899832194599124e+00
656  0.1456231E-02   1.019534231533976376e+00
657  0.1440390E-02   1.015167138888449117e+00
658  0.1442502E-02   1.010798887807678348e+00
659  0.1458817E-02   1.006429811929803630e+00
660  0.1511192E-02   1.002060244955961243e+00
661  0.1468106E-02   9.976905206247964619e-01
662  0.1447904E-02   9.933209726869722811e-01
663  0.1416864E-02   9.889519348796808051e-01
664  0.1446103E-02   9.845837409011496399e-01
665  0.1414050E-02   9.802167243851571676e-01
666  0.1423104E-02   9.758512188755504857e-01
667  0.1420749E-02   9.714875578007671209e-01
668  0.1409893E-02   9.671260744483725080e-01
669  0.1418363E-02   9.627671019396008001e-01
670  0.1442897E-02   9.584109732039128859e-01
671  0.1447990E-02   9.540580209535691747e-01
672  0.1404086E-02   9.497085776582152583e-01
673  0.1444165E-02   9.453629755194912221e-01
674  0.1398082E-02   9.410215464456562762e-01
675  0.1404979E-02   9.366846220262395883e-01
676  0.1412822E-02   9.323525335067148756e-01
677  0.1360781E-02   9.280256117631984214e-01
678  0.1393632E-02   9.237041872771796225e-01
679  0.1390582E-02   9.193885901102782920e-01
680  0.1393510E-02   9.150791498790344924e-01
681  0.1390296E-02   9.107761957297356714e-01
682  0.1425437E-02   9.064800563132742184e-01
683  0.1423534E-02   9.021910597600483195e-01
684  0.1369968E-02   8.979095336548972295e-01
685  0.1402821E-02   8.936358050120833951e-01
686  0.1409523E-02   8.893702002503156567e-01
687  0.1357621E-02   8.851130451678154154e-01
688  0.1372722E-02   8.808646649174373122e-01
689  0.1366437E-02   8.766253839818299864e-01
690  0.1374625E-02   8.723955261486550095e-01
691  0.1390397E-02   8.681754144858586653e-01
692  0.1402381E-02   8.639653713169916927e-01
693  0.1419652E-02   8.597657181965960849e-01
694  0.1420618E-02   8.555767758856418492e-01
695  0.1398694E-02   8.513988643270289369e-01
696  0.1417039E-02   8.472323026211516783e-01
697  0.1424109E-02   8.430774090015250577e-01
698  0.1419780E-02   8.389345008104802659e-01
699  0.1410711E-02   8.348038944749244239e-01
700  0.1388099E-02   8.306859054821746913e-01
701  0.1397954E-02   8.265808483558618747e-01
702  0.1382669E-02   8.224890366319056456e-01
703  0.1382337E-02   8.184107828345701385e-01
704  0.1394677E-02   8.143463984525918242e-01
705  0.1396982E-02   8.102961939153893178e-01
706  0.1397359E-02   8.062604785693542331e-01
707  0.1398971E-02   8.022395606542224167e-01
708  0.1386124E-02   7.982337472795328903e-01
709  0.1393596E-02   7.942433444011696153e-01
710  0.1365726E-02   7.902686567979946286e-01
711  0.1365440E-02   7.863099880485695525e-01
712  0.1399856E-02   7.823676405079674767e-01
713  0.1373385E-02   7.784419152846819845e-01
714  0.1402464E-02   7.745331122176271066e-01
715  0.1395447E-02   7.706415298532367508e-01
716  0.1397644E-02   7.667674654226633857e-01
717  0.1420861E-02   7.629112148190744236e-01
718  0.1435376E-02   7.590730725750544083e-01
719  0.1425606E-02   7.552533318401069007e-01
720  0.1421424E-02   7.514522843582662759e-01
721  0.1413358E-02   7.476702204458147705e-01
722  0.1427113E-02   7.439074289691067765e-01
723  0.1427882E-02   7.401641973225088211e-01
724  0.1411874E-02   7.364408114064464606e-01
725  0.1406366E-02   7.327375556055680805e-01
726  0.1425363E-02   7.290547127670261585e-01
727  0.1425090E-02   7.253925641788716572e-01
728  0.1443325E-02   7.217513895485716535e-01
729  0.1458794E-02   7.181314669816434293e-01
730  0.1468798E-02   7.145330729604160158e-01
731  0.1451905E-02   7.109564823229121977e-01
732  0.1424875E-02   7.074019682418551946e-01
733  0.1455007E-02   7.038698022038071267e-01
734  0.1436195E-02   7.003602539884314915e-01
735  0.1450337E-02   6.968735916478876469e-01
736  0.1451507E-02   6.934100814863599638e-01
737  0.1442556E-02   6.899699880397150986e-01
738  0.1439249E-02   6.865535740552994870e-01
739  0.1445838E-02   6.831611004718696201e-01
740  0.1458665E-02   6.797928263996630971e-01
741  0.1462350E-02   6.764490091006084560e-01
742  0.1469541E-02   6.731299039686747809e-01
743  0.1466928E-02   6.698357645103669711e-01
744  0.1462663E-02   6.665668423253620078e-01
745  0.1459386E-02   6.633233870872923266e-01
746  0.1464598E-02   6.601056465246777361e-01
747  0.1465751E-02   6.569138664020026663e-01
748  0.1466532E-02   6.537482905009466272e-01
749  0.1462552E-02   6.506091606017626594e-01
750  0.1474634E-02   6.474967164648128826e-01
751  0.1489194E-02   6.444111958122555883e-01
752  0.1498066E-02   6.413528343098865436e-01
753  0.1502376E-02   6.383218655491422755e-01
754  0.1506321E-02   6.353185210292566776e-01
755  0.1516210E-02   6.323430301395801534e-01
756  0.1512594E-02   6.293956201420598529e-01
757  0.1515082E-02   6.264765161538811133e-01
758  0.1515854E-02   6.235859411302744348e-01
759  0.1509912E-02   6.207241158474847698e-01
760  0.1533371E-02   6.178912588859115651e-01
761  0.1539800E-02   6.150875866134121184e-01
762  0.1535841E-02   6.123133131687762409e-01
763  0.1539338E-02   6.095686504453723398e-01
764  0.1535193E-02   6.068538080749601438e-01
765  0.1547099E-02   6.041689934116825089e-01
766  0.1547351E-02   6.015144115162278649e-01
767  0.1551238E-02   5.988902651401653010e-01
768  0.1556022E-02   5.962967547104626176e-01
769  0.1542537E-02   5.937340783141755729e-01
770  0.1531004E-02   5.912024316833184301e-01
771  0.1534860E-02   5.887020081799163584e-01
772  0.1541923E-02   5.862329987812344712e-01
773  0.1551433E-02   5.837955920651931585e-01
774  0.1550651E-02   5.813899741959633882e-01
775  0.1557395E-02   5.790163289097491894e-01
776  0.1560504E-02   5.766748375007535454e-01
777  0.1561973E-02   5.743656788073311370e-01
778  0.1562257E-02   5.720890291983308229e-01
779  0.1550603E-02   5.698450625596220842e-01
780  0.1531076E-02   5.676339502808163129e-01
781  0.1534630E-02   5.654558612421763941e-01
782  0.1536455E-02   5.633109618017154707e-01
783  0.1538621E-02   5.611994157824944374e-01
784  0.1541598E-02   5.591213844601068406e-01
785  0.1548635E-02   5.570770265503610652e-01
786  0.1550107E-02   5.550664981971602518e-01
787  0.1548464E-02   5.530899529605735054e-01
788  0.1536666E-02   5.511475418051092756e-01
789  0.1545319E-02   5.492394130881839143e-01
790  0.1533456E-02   5.473657125487907393e-01
791  0.1524250E-02   5.455265832963691608e-01
792  0.1517318E-02   5.437221657998736468e-01
793  0.1521774E-02   5.419525978770451946e-01
794  0.1527382E-02   5.402180146838857500e-01
795  0.1536250E-02   5.385185487043341324e-01
796  0.1540177E-02   5.368543297401480174e-01
797  0.1539582E-02   5.352254849009896454e-01
798  0.1538694E-02   5.336321385947176976e-01
799  0.1537761E-02   5.320744125178844541e-01
800  0.1537523E-02   5.305524256464420052e-01
801  0.1531953E-02   5.290662942266546320e-01
802  0.1522863E-02   5.276161317662193539e-01
803  0.1512144E-02   5.262020490255980842e-01
804  0.1521192E-02   5.248241540095568425e-01
805  0.1528992E-02   5.234825519589159093e-01
806  0.1534406E-02   5.221773453425140321e-01
807  0.1533000E-02   5.209086338493795765e-01
808  0.1531341E-02   5.196765143811181709e-01
809  0.1520737E-02   5.184810810445104057e-01
810  0.1519779E-02   5.173224251443253596e-01
811  0.1521654E-02   5.162006351763456236e-01
812  0.1522261E-02   5.151157968206092619e-01
813  0.1520103E-02   5.140679929348651589e-01
814  0.1516390E-02   5.130573035482445254e-01
815  0.1513569E-02   5.120838058551486771e-01
816  0.1515876E-02   5.111475742093529728e-01
817  0.1525775E-02   5.102486801183276910e-01
818  0.1520987E-02   5.093871922377768424e-01
819  0.1511302E-02   5.085631763663938099e-01
820  0.1502807E-02   5.077766954408360345e-01
821  0.1503662E-02   5.070278095309184163e-01
822  0.1504075E-02   5.063165758350245405e-01
823  0.1507548E-02   5.056430486757389486e-01
824  0.1501986E-02   5.050072794956971256e-01
825  0.1495911E-02   5.044093168536567529e-01
826  0.1491703E-02   5.038492064207893417e-01
827  0.1489356E-02   5.033269909771914685e-01
828  0.1488783E-02   5.028427104086172772e-01
829  0.1488721E-02   5.023964017034323604e-01
830  0.1484606E-02   5.019880989497887969e-01
831  0.1476607E-02   5.016178333330207906e-01
832  0.1469463E-02   5.012856331332639082e-01
833  0.1469752E-02   5.009915237232940299e-01
834  0.1471571E-02   5.007355275665903438e-01
835  0.1465635E-02   5.005176642156190514e-01
836  0.1460165E-02   5.003379503103400072e-01
837  0.1454167E-02   5.001963995769359572e-01
838  0.1448697E-02   5.000930228267645994e-01
839  0.1445732E-02   5.000278279555315786e-01
840  0.1443701E-02   5.000008199426890787e-01
841  0.1440265E-02   5.000120008510537950e-01
842  0.1437617E-02   5.000613698266511697e-01
843  0.1432929E-02   5.001489230987787860e-01
844  0.1425789E-02   5.002746539802958026e-01
845  0.1424477E-02   5.004385528681329909e-01
846  0.1422923E-02   5.006406072440263699e-01
847  0.1421593E-02   5.008808016754735526e-01
848  0.1417822E-02   5.011591178169116922e-01
849  0.1413396E-02   5.014755344111196944e-01
850  0.1408219E-02   5.018300272908412518e-01
851  0.1402992E-02   5.022225693806305902e-01
852  0.1400032E-02   5.026531306989205916e-01
853  0.1397496E-02   5.031216783603128517e-01
854  0.1393673E-02   5.036281765780892261e-01
855  0.1388213E-02   5.041725866669453104e-01
856  0.1386000E-02   5.047548670459449660e-01
857  0.1382065E-02   5.053749732416961127e-01
858  0.1380441E-02   5.060328578917476783e-01
859  0.1377126E-02   5.067284707482072603e-01
860  0.1372959E-02   5.074617586815787229e-01
861  0.1367986E-02   5.082326656848197288e-01
862  0.1361424E-02   5.090411328776204281e-01
863  0.1356313E-02   5.098870985108995280e-01
864  0.1352225E-02   5.107704979715210758e-01
865  0.1349793E-02   5.116912637872300662e-01
866  0.1346486E-02   5.126493256318044311e-01
867  0.1341553E-02   5.136446103304277422e-01
868  0.1337387E-02   5.146770418652774071e-01
869  0.1335521E-02   5.157465413813310251e-01
870  0.1331487E-02   5.168530271923892361e-01
871  0.1325520E-02   5.179964147873143965e-01
872  0.1320188E-02   5.191766168364859713e-01
873  0.1317754E-02   5.203935431984697546e-01
874  0.1312226E-02   5.216471009269035841e-01
875  0.1306827E-02   5.229371942775957738e-01
876  0.1301755E-02   5.242637247158381530e-01
877  0.1298280E-02   5.256265909239317136e-01
878  0.1294616E-02   5.270256888089250857e-01
879  0.1289856E-02   5.284609115105657340e-01
880  0.1284847E-02   5.299321494094604290e-01
881  0.1281653E-02   5.314392901354478838e-01
882  0.1278546E-02   5.329822185761834419e-01
883  0.1274448E-02   5.345608168859277143e-01
884  0.1270861E-02   5.361749644945503768e-01
885  0.1268875E-02   5.378245381167376937e-01
886  0.1263988E-02   5.395094117614087637e-01
887  0.1260264E-02   5.412294567413388213e-01
888  0.1256169E-02   5.429845416829879312e-01
889  0.1254001E-02   5.447745325365352942e-01
890  0.1251065E-02   5.465992925861173912e-01
891  0.1246443E-02   5.484586824602699640e-01
892  0.1241461E-02   5.503525601425737213e-01
893  0.1238924E-02   5.522807809824996639e-01
894  0.1233456E-02   5.542431977064592452e-01
895  0.1229908E-02   5.562396604290515967e-01
896  0.1225787E-02   5.582700166645108153e-01
897  0.1222251E-02   5.603341113383546457e-01
898  0.1217644E-02   5.624317867992264519e-01
899  0.1210642E-02   5.645628828309374736e-01
900  0.1207142E-02   5.667272366647047033e-01
901  0.1205449E-02   5.689246829915802772e-01
902  0.1202750E-02   5.711550539750799294e-01
903  0.1198303E-02   5.734181792640008490e-01
904  0.1193399E-02   5.757138860054328289e-01
905  0.1189403E-02   5.780419988579605928e-01
906  0.1182300E-02   5.804023400050559722e-01
907  0.1182199E-02   5.827947291686592646e-01
908  0.1173007E-02   5.852189836229482189e-01
909  0.1170709E-02   5.876749182082945389e-01
910  0.1160998E-02   5.901623453454056811e-01
911  0.1154118E-02   5.926810750496525060e-01
912  0.1148412E-02   5.952309149455791148e-01
913  0.1145375E-02   5.978116702815956529e-01
914  0.1143455E-02   6.004231439448554086e-01
915  0.1139074E-02   6.030651364763073286e-01
916  0.1135352E-02   6.057374460859303866e-01
917  0.1131380E-02   6.084398686681486979e-01
918  0.1125056E-02   6.111721978174170511e-01
919  0.1123309E-02   6.139342248439878524e-01
920  0.1118911E-02   6.167257387898509302e-01
921  0.1114726E-02   6.195465264448436482e-01
922  0.1106047E-02   6.223963723629380995e-01
923  0.1098399E-02   6.252750588786948338e-01
924  0.1093485E-02   6.281823661238880030e-01
925  0.1088112E-02   6.311180720442990388e-01
926  0.1086089E-02   6.340819524166761978e-01
927  0.1082574E-02   6.370737808658599732e-01
928  0.1078763E-02   6.400933288820740419e-01
929  0.1074536E-02   6.431403658383774147e-01
930  0.1071327E-02   6.462146590082801234e-01
931  0.1065679E-02   6.493159735835178914e-01
932  0.1060052E-02   6.524440726919864542e-01
933  0.1056949E-02   6.555987174158325326e-01
934  0.1050701E-02   6.587796668097043451e-01
935  0.1045070E-02   6.619866779191517780e-01
936  0.1038127E-02   6.652195057991832083e-01
937  0.1033954E-02   6.684779035329764252e-01
938  0.1033661E-02   6.717616222507339918e-01
939  0.1032651E-02   6.750704111486937053e-01
940  0.1031969E-02   6.784040175082850510e-01
941  0.1027630E-02   6.817621867154284310e-01
942  0.1022350E-02   6.851446622799848285e-01
943  0.1017010E-02   6.885511858553451381e-01
944  0.1012348E-02   6.919814972581618262e-01
945  0.1010011E-02   6.954353344882213683e-01
946  0.1002560E-02   6.989124337484557969e-01
947  0.9953148E-03   7.024125294650898077e-01
948  0.9902944E-03   7.059353543079263105e-01
949  0.9894862E-03   7.094806392107630977e-01
950  0.9895775E-03   7.130481133919446268e-01
951  0.9914659E-03   7.166375043750432550e-01
952  0.9917170E-03   7.202485380096708134e-01
953  0.9869152E-03   7.238809384924159707e-01
954  0.9802817E-03   7.275344283879133789e-01
955  0.9764526E-03   7.312087286500298378e-01
956  0.9749160E-03   7.349035586431775791e-01
957  0.9733322E-03   7.386186361637525621e-01
958  0.9687957E-03   7.423536774616825706e-01
959  0.9636040E-03   7.461083972621044280e-01
960  0.9579610E-03   7.498825087871515693e-01
961  0.9584286E-03   7.536757237778549667e-01
962  0.9554962E-03   7.574877525161629599e-01
963  0.9574498E-03   7.613183038470678898e-01
964  0.9594992E-03   7.651670852008439772e-01
965  0.9544870E-03   7.690338026153935580e-01
966  0.9366661E-03   7.729181607586990133e-01
967  0.9405405E-03   7.768198629513795028e-01
968  0.9420917E-03   7.807386111893512837e-01
969  0.9402026E-03   7.846741061665879480e-01
970  0.9380040E-03   7.886260472979814695e-01
971  0.9339043E-03   7.925941327422999505e-01
972  0.9250574E-03   7.965780594252419577e-01
973  0.9208971E-03   8.005775230625830075e-01
974  0.9176862E-03   8.045922181834197495e-01
975  0.9221949E-03   8.086218381534983068e-01
976  0.9347185E-03   8.126660751986334308e-01
977  0.9108095E-03   8.167246204282206934e-01
978  0.8965357E-03   8.207971638588223984e-01
979  0.9075374E-03   8.248833944378481942e-01
980  0.9078148E-03   8.289830000673121813e-01
981  0.9088849E-03   8.330956676276668471e-01
982  0.9086047E-03   8.372210830017229322e-01
983  0.9032731E-03   8.413589310986381298e-01
984  0.8883939E-03   8.455088958779843900e-01
985  0.8845151E-03   8.496706603738860553e-01
986  0.8883214E-03   8.538439067192288290e-01
987  0.8925878E-03   8.580283161699389094e-01
988  0.9046958E-03   8.622235691293251847e-01
989  0.8815217E-03   8.664293451724940365e-01
990  0.8810477E-03   8.706453230708188773e-01
991  0.8863326E-03   8.748711808164747472e-01
992  0.8856245E-03   8.791065956470371923e-01
993  0.8829125E-03   8.833512440701278834e-01
994  0.8870455E-03   8.876048018881269597e-01
995  0.8877182E-03   8.918669442229339994e-01
996  0.8807422E-03   8.961373455407783961e-01
997  0.8705243E-03   9.004156796770867999e-01
998  0.8729146E-03   9.047016198613928584e-01
999  0.8700944E-03   9.089948387422956966e-01
1000  0.8736118E-03  9.132950084124626944e-01
1001  0.8669869E-03  9.176018004336734535e-01
1002  0.8740716E-03  9.219148858619066189e-01
1003  0.8737940E-03  9.262339352724624497e-01
1004  0.8702056E-03  9.305586187851250246e-01
1005  0.8681929E-03  9.348886060893566441e-01
1006  0.8695319E-03  9.392235664695269826e-01
1007  0.8709541E-03  9.435631688301728826e-01
1008  0.8693322E-03  9.479070817212842393e-01
1009  0.8684699E-03  9.522549733636238578e-01
1010  0.8667224E-03  9.566065116740646301e-01
1011  0.8608855E-03  9.609613642909526909e-01
1012  0.8692521E-03  9.653191985994976632e-01
1013  0.8725575E-03  9.696796817571701199e-01
1014  0.8727852E-03  9.740424807191285783e-01
1015  0.8682505E-03  9.784072622636561523e-01
1016  0.8677041E-03  9.827736930176079744e-01
1017  0.8653588E-03  9.871414394818774918e-01
1018  0.8629323E-03  9.915101680568665365e-01
1019  0.8697245E-03  9.958795450679652772e-01
1020  0.8765342E-03  1.000249236791036944e+00
1021  0.8740109E-03  1.004618909477910105e+00
1022  0.8664381E-03  1.008988229381863944e+00
1023  0.8652942E-03  1.013356862783125312e+00
1024  0.8772178E-03  1.017724476014351787e+00
1025  0.8784698E-03  1.022090735486123059e+00
1026  0.8766491E-03  1.026455307712413889e+00
1027  0.8689420E-03  1.030817859336066844e+00
1028  0.8648328E-03  1.035178057154256148e+00
1029  0.8634827E-03  1.039535568143934219e+00
1030  0.8672729E-03  1.043890059487265987e+00
1031  0.8743439E-03  1.048241198597053891e+00
1032  0.8764732E-03  1.052588653142135566e+00
1033  0.8724439E-03  1.056932091072767532e+00
1034  0.8667187E-03  1.061271180645988021e+00
1035  0.8713718E-03  1.065605590450954931e+00
1036  0.8821066E-03  1.069934989434255357e+00
1037  0.8745875E-03  1.074259046925193806e+00
1038  0.8844793E-03  1.078577432661047997e+00
1039  0.8794310E-03  1.082889816812290462e+00
1040  0.8775011E-03  1.087195870007784393e+00
1041  0.8803784E-03  1.091495263359939294e+00
1042  0.8881077E-03  1.095787668489826894e+00
1043  0.8919090E-03  1.100072757552268410e+00
1044  0.8851632E-03  1.104350203260868524e+00
1045  0.8849361E-03  1.108619678913018269e+00
1046  0.8888621E-03  1.112880858414844853e+00
1047  0.8897501E-03  1.117133416306116178e+00
1048  0.8913128E-03  1.121377027785104730e+00
1049  0.8957243E-03  1.125611368733390183e+00
1050  0.9004332E-03  1.129836115740615154e+00
1051  0.8997322E-03  1.134050946129190773e+00
1052  0.9009491E-03  1.138255537978937637e+00
1053  0.9033557E-03  1.142449570151674809e+00
1054  0.9056283E-03  1.146632722315748198e+00
1055  0.9092111E-03  1.150804674970498764e+00
1056  0.9074318E-03  1.154965109470660112e+00
1057  0.9077047E-03  1.159113708050700575e+00
1058  0.9082003E-03  1.163250153849093138e+00
1059  0.9115805E-03  1.167374130932513188e+00
1060  0.9174077E-03  1.171485324319972321e+00
1061  0.9240348E-03  1.175583420006875990e+00
1062  0.9241701E-03  1.179668104989003430e+00
1063  0.9266137E-03  1.183739067286417868e+00
1064  0.9276668E-03  1.187795995967291240e+00
1065  0.9285835E-03  1.191838581171657196e+00
1066  0.9309361E-03  1.195866514135073722e+00
1067  0.9318610E-03  1.199879487212206053e+00
1068  0.9325520E-03  1.203877193900327214e+00
1069  0.9355013E-03  1.207859328862725512e+00
1070  0.9381922E-03  1.211825587952023664e+00
1071  0.9426935E-03  1.215775668233415097e+00
1072  0.9474491E-03  1.219709268007795444e+00
1073  0.9494142E-03  1.223626086834807891e+00
1074  0.9526236E-03  1.227525825555789485e+00
1075  0.9550328E-03  1.231408186316625075e+00
1076  0.9566548E-03  1.235272872590488236e+00
1077  0.9573719E-03  1.239119589200494920e+00
1078  0.9587265E-03  1.242948042342250536e+00
1079  0.9582042E-03  1.246757939606283561e+00
1080  0.9612423E-03  1.250548990000382998e+00
1081  0.9632492E-03  1.254320903971826384e+00
1082  0.9671674E-03  1.258073393429489428e+00
1083  0.9705933E-03  1.261806171765853524e+00
1084  0.9738984E-03  1.265518953878895125e+00
1085  0.9768067E-03  1.269211456193863441e+00
1086  0.9794183E-03  1.272883396684934887e+00
1087  0.9811314E-03  1.276534494896757188e+00
1088  0.9825772E-03  1.280164471965870687e+00
1089  0.9835604E-03  1.283773050642002866e+00
1090  0.9841201E-03  1.287359955309248072e+00
1091  0.9852546E-03  1.290924912007119119e+00
1092  0.9880784E-03  1.294467648451467001e+00
1093  0.9904742E-03  1.297987894055283364e+00
1094  0.9941018E-03  1.301485379949361976e+00
1095  0.9978258E-03  1.304959839002839184e+00
1096  0.1001299E-02  1.308411005843594044e+00
1097  0.1004396E-02  1.311838616878516106e+00
1098  0.1006831E-02  1.315242410313641752e+00
1099  0.1008749E-02  1.318622126174145537e+00
1100  0.1010341E-02  1.321977506324198082e+00
1101  0.1011599E-02  1.325308294486683858e+00
1102  0.1012688E-02  1.328614236262771975e+00
1103  0.1014050E-02  1.331895079151348193e+00
1104  0.1015808E-02  1.335150572568299943e+00
1105  0.1018003E-02  1.338380467865657453e+00
1106  0.1021241E-02  1.341584518350581234e+00
1107  0.1024764E-02  1.344762479304207003e+00
1108  0.1028327E-02  1.347914108000336508e+00
1109  0.1031475E-02  1.351039163723974257e+00
1110  0.1034132E-02  1.354137407789715475e+00
1111  0.1036420E-02  1.357208603559975746e+00
1112  0.1038423E-02  1.360252516463062999e+00
1113  0.1039917E-02  1.363268914011096289e+00
1114  0.1041199E-02  1.366257565817760922e+00
1115  0.1042984E-02  1.369218243615906161e+00
1116  0.1045118E-02  1.372150721274979279e+00
1117  0.1047604E-02  1.375054774818295078e+00
1118  0.1050918E-02  1.377930182440147311e+00
1119  0.1054341E-02  1.380776724522745358e+00
1120  0.1057628E-02  1.383594183652989251e+00
1121  0.1060391E-02  1.386382344639077724e+00
1122  0.1062673E-02  1.389140994526940620e+00
1123  0.1064428E-02  1.391869922616505884e+00
1124  0.1065821E-02  1.394568920477792018e+00
1125  0.1066994E-02  1.397237781966828241e+00
1126  0.1068065E-02  1.399876303241397668e+00
1127  0.1069754E-02  1.402484282776607305e+00
1128  0.1071796E-02  1.405061521380281508e+00
1129  0.1074076E-02  1.407607822208172710e+00
1130  0.1077125E-02  1.410122990778998497e+00
1131  0.1080537E-02  1.412606834989296178e+00
1132  0.1083965E-02  1.415059165128091934e+00
1133  0.1087316E-02  1.417479793891394335e+00
1134  0.1090336E-02  1.419868536396497127e+00
1135  0.1092573E-02  1.422225210196103262e+00
1136  0.1094555E-02  1.424549635292257532e+00
1137  0.1096293E-02  1.426841634150094462e+00
1138  0.1098021E-02  1.429101031711399905e+00
1139  0.1100052E-02  1.431327655407980126e+00
1140  0.1102285E-02  1.433521335174841482e+00
1141  0.1105077E-02  1.435681903463182696e+00
1142  0.1108249E-02  1.437809195253188843e+00
1143  0.1111808E-02  1.439903048066635716e+00
1144  0.1115445E-02  1.441963301979301004e+00
1145  0.1119120E-02  1.443989799633178528e+00
1146  0.1121982E-02  1.445982386248495510e+00
1147  0.1124455E-02  1.447940909635535789e+00
1148  0.1126204E-02  1.449865220206263849e+00
1149  0.1128008E-02  1.451755170985748800e+00
1150  0.1129961E-02  1.453610617623391166e+00
1151  0.1132464E-02  1.455431418403948074e+00
1152  0.1135312E-02  1.457217434258355704e+00
1153  0.1138518E-02  1.458968528774353679e+00
1154  0.1142234E-02  1.460684568206900513e+00
1155  0.1146506E-02  1.462365421488392991e+00
1156  0.1151032E-02  1.464010960238673276e+00
1157  0.1155162E-02  1.465621058774835284e+00
1158  0.1158667E-02  1.467195594120826119e+00
1159  0.1161319E-02  1.468734446016835227e+00
1160  0.1163347E-02  1.470237496928482379e+00
1161  0.1165224E-02  1.471704632055793827e+00
1162  0.1167503E-02  1.473135739341970618e+00
1163  0.1169978E-02  1.474530709481945978e+00
1164  0.1172533E-02  1.475889435930735960e+00
1165  0.1175570E-02  1.477211814911575827e+00
1166  0.1179160E-02  1.478497745423846599e+00
1167  0.1183301E-02  1.479747129250788884e+00
1168  0.1187668E-02  1.480959870967005987e+00
1169  0.1191443E-02  1.482135877945749192e+00
1170  0.1194175E-02  1.483275060365996101e+00
1171  0.1195900E-02  1.484377331219308704e+00
1172  0.1196970E-02  1.485442606316479175e+00
1173  0.1198523E-02  1.486470804293960946e+00
1174  0.1200729E-02  1.487461846620081740e+00
1175  0.1202678E-02  1.488415657601042774e+00
1176  0.1204667E-02  1.489332164386700352e+00
1177  0.1207129E-02  1.490211296976128086e+00
1178  0.1210303E-02  1.491052988222965947e+00
1179  0.1214086E-02  1.491857173840547279e+00
1180  0.1218169E-02  1.492623792406808203e+00
1181  0.1221788E-02  1.493352785368981639e+00
1182  0.1224264E-02  1.494044097048066178e+00
1183  0.1225836E-02  1.494697674643080454e+00
1184  0.1227415E-02  1.495313468235096588e+00
1185  0.1229120E-02  1.495891430791051580e+00
1186  0.1231348E-02  1.496431518167339325e+00
1187  0.1233047E-02  1.496933689113184363e+00
1188  0.1235443E-02  1.497397905273790020e+00
1189  0.1237914E-02  1.497824131193269626e+00
1190  0.1240946E-02  1.498212334317353456e+00
1191  0.1244869E-02  1.498562484995876076e+00
1192  0.1249432E-02  1.498874556485040310e+00
1193  0.1253375E-02  1.499148524949459826e+00
1194  0.1255507E-02  1.499384369463980127e+00
1195  0.1256474E-02  1.499582072015276601e+00
1196  0.1256582E-02  1.499741617503230318e+00
1197  0.1257984E-02  1.499862993742080874e+00
1198  0.1259787E-02  1.499946191461357881e+00
1199  0.1260990E-02  1.499991204306588832e+00
1200  0.1262218E-02  1.499998028839784059e+00
1201  0.1263724E-02  1.499966664539699401e+00
1202  0.1266584E-02  1.499897113801876181e+00
1203  0.1270360E-02  1.499789381938458899e+00
1204  0.1275022E-02  1.499643477177788231e+00
1205  0.1278253E-02  1.499459410663772863e+00
1206  0.1280624E-02  1.499237196455039500e+00
1207  0.1281069E-02  1.498976851523857734e+00
1208  0.1280607E-02  1.498678395754843962e+00
1209  0.1282075E-02  1.498341851943443492e+00
1210  0.1284640E-02  1.497967245794188829e+00
1211  0.1285444E-02  1.497554605918735904e+00
1212  0.1286726E-02  1.497103963833680274e+00
1213  0.1288924E-02  1.496615353958148154e+00
1214  0.1291899E-02  1.496088813611169188e+00
1215  0.1296247E-02  1.495524383008824509e+00
1216  0.1300847E-02  1.494922105261176748e+00
1217  0.1304207E-02  1.494282026368976224e+00
1218  0.1306301E-02  1.493604195220147535e+00
1219  0.1307401E-02  1.492888663586056763e+00
1220  0.1308143E-02  1.492135486117555754e+00
1221  0.1310214E-02  1.491344720340808561e+00
1222  0.1311483E-02  1.490516426652898296e+00
1223  0.1311722E-02  1.489650668317213267e+00
1224  0.1313364E-02  1.488747511458616390e+00
1225  0.1317375E-02  1.487807025058392352e+00
1226  0.1319743E-02  1.486829280948980703e+00
1227  0.1325237E-02  1.485814353808490473e+00
1228  0.1329144E-02  1.484762321154992959e+00
1229  0.1331800E-02  1.483673263340604453e+00
1230  0.1335454E-02  1.482547263545348049e+00
1231  0.1336152E-02  1.481384407770799161e+00
1232  0.1340037E-02  1.480184784833518119e+00
1233  0.1340954E-02  1.478948486358267811e+00
1234  0.1341112E-02  1.477675606771012840e+00
1235  0.1340633E-02  1.476366243291708624e+00
1236  0.1341682E-02  1.475020495926877340e+00
1237  0.1343800E-02  1.473638467461967805e+00
1238  0.1344543E-02  1.472220263453504430e+00
1239  0.1350355E-02  1.470765992221028107e+00
1240  0.1355093E-02  1.469275764838819942e+00
1241  0.1358137E-02  1.467749695127417819e+00
1242  0.1361536E-02  1.466187899644925796e+00
1243  0.1357773E-02  1.464590497678108338e+00
1244  0.1363251E-02  1.462957611233281163e+00
1245  0.1363586E-02  1.461289365026992915e+00
1246  0.1362567E-02  1.459585886476497674e+00
1247  0.1362990E-02  1.457847305690025408e+00
1248  0.1362023E-02  1.456073755456843033e+00
1249  0.1363612E-02  1.454265371237113191e+00
1250  0.1365816E-02  1.452422291151547196e+00
1251  0.1373340E-02  1.450544655970856134e+00
1252  0.1379106E-02  1.448632609104999469e+00
1253  0.1382786E-02  1.446686296592230025e+00
1254  0.1385935E-02  1.444705867087943574e+00
1255  0.1386434E-02  1.442691471853319252e+00
1256  0.1388393E-02  1.440643264743771468e+00
1257  0.1388910E-02  1.438561402197197525e+00
1258  0.1389333E-02  1.436446043222026514e+00
1259  0.1390529E-02  1.434297349385078135e+00
1260  0.1390922E-02  1.432115484799221683e+00
1261  0.1398566E-02  1.429900616110838740e+00
1262  0.1397620E-02  1.427652912487098469e+00
1263  0.1401759E-02  1.425372545603036611e+00
1264  0.1405644E-02  1.423059689628440871e+00
1265  0.1408572E-02  1.420714521214549109e+00
1266  0.1408249E-02  1.418337219480559908e+00
1267  0.1410386E-02  1.415927965999948190e+00
1268  0.1409489E-02  1.413486944786596977e+00
1269  0.1410926E-02  1.411014342280747069e+00
1270  0.1410734E-02  1.408510347334752444e+00
1271  0.1412198E-02  1.405975151198656903e+00
1272  0.1415043E-02  1.403408947505590643e+00
1273  0.1415212E-02  1.400811932256975423e+00
1274  0.1416692E-02  1.398184303807558093e+00
1275  0.1414583E-02  1.395526262850259602e+00
1276  0.1419868E-02  1.392838012400845926e+00
1277  0.1419931E-02  1.390119757782423138e+00
1278  0.1422239E-02  1.387371706609754618e+00
1279  0.1417785E-02  1.384594068773403741e+00
1280  0.1416713E-02  1.381787056423703808e+00
1281  0.1415548E-02  1.378950883954553008e+00
1282  0.1414616E-02  1.376085767987040409e+00
1283  0.1413854E-02  1.373191927352900965e+00
1284  0.1413719E-02  1.370269583077800668e+00
1285  0.1413486E-02  1.367318958364456716e+00
1286  0.1414407E-02  1.364340278575587373e+00
1287  0.1416274E-02  1.361333771216701738e+00
1288  0.1418359E-02  1.358299665918721422e+00
1289  0.1415812E-02  1.355238194420442799e+00
1290  0.1423925E-02  1.352149590550836944e+00
1291  0.1420555E-02  1.349034090211190584e+00
1292  0.1424847E-02  1.345891931357087623e+00
1293  0.1421887E-02  1.342723353980234791e+00
1294  0.1419518E-02  1.339528600090134747e+00
1295  0.1414476E-02  1.336307913695594429e+00
1296  0.1415820E-02  1.333061540786095733e+00
1297  0.1414097E-02  1.329789729313004987e+00
1298  0.1415161E-02  1.326492729170631879e+00
1299  0.1416774E-02  1.323170792177146282e+00
1300  0.1424314E-02  1.319824172055346301e+00
1301  0.1427276E-02  1.316453124413273779e+00
1302  0.1430721E-02  1.313057906724696133e+00
1303  0.1429494E-02  1.309638778309441864e+00
1304  0.1434501E-02  1.306196000313590400e+00
1305  0.1430038E-02  1.302729835689526272e+00
1306  0.1428052E-02  1.299240549175860959e+00
1307  0.1426834E-02  1.295728407277207062e+00
1308  0.1427958E-02  1.292193678243822585e+00
1309  0.1423861E-02  1.288636632051129771e+00
1310  0.1424143E-02  1.285057540379087815e+00
1311  0.1423755E-02  1.281456676591442356e+00
1312  0.1435026E-02  1.277834315714853286e+00
1313  0.1442274E-02  1.274190734417882220e+00
1314  0.1441851E-02  1.270526210989863625e+00
1315  0.1446886E-02  1.266841025319648928e+00
1316  0.1449401E-02  1.263135458874230510e+00
1317  0.1449987E-02  1.259409794677242456e+00
1318  0.1444789E-02  1.255664317287344289e+00
1319  0.1447277E-02  1.251899312776487028e+00
1320  0.1440027E-02  1.248115068708063324e+00
1321  0.1438341E-02  1.244311874114944372e+00
1322  0.1445565E-02  1.240490019477404005e+00
1323  0.1454286E-02  1.236649796700931780e+00
1324  0.1463754E-02  1.232791499093939258e+00
1325  0.1467650E-02  1.228915421345355696e+00
1326  0.1463064E-02  1.225021859502122723e+00
1327  0.1468268E-02  1.221111110946580203e+00
1328  0.1466787E-02  1.217183474373755292e+00
1329  0.1465873E-02  1.213239249768547134e+00
1330  0.1459563E-02  1.209278738382814300e+00
1331  0.1455529E-02  1.205302242712369631e+00
1332  0.1447459E-02  1.201310066473868288e+00
1333  0.1450732E-02  1.197302514581618293e+00
1334  0.1444040E-02  1.193279893124290947e+00
1335  0.1455262E-02  1.189242509341535081e+00
1336  0.1458389E-02  1.185190671600518941e+00
1337  0.1456360E-02  1.181124689372376801e+00
1338  0.1439235E-02  1.177044873208565656e+00
1339  0.1450230E-02  1.172951534717152189e+00
1340  0.1448320E-02  1.168844986539012920e+00
1341  0.1441939E-02  1.164725542323952201e+00
1342  0.1448187E-02  1.160593516706744488e+00
1343  0.1446217E-02  1.156449225283111337e+00
1344  0.1440020E-02  1.152292984585608693e+00
1345  0.1444137E-02  1.148125112059452002e+00
1346  0.1441205E-02  1.143945926038276939e+00
1347  0.1443499E-02  1.139755745719817970e+00
1348  0.1446108E-02  1.135554891141529410e+00
1349  0.1441710E-02  1.131343683156149416e+00
1350  0.1434800E-02  1.127122443407184038e+00
1351  0.1454141E-02  1.122891494304346427e+00
1352  0.1445089E-02  1.118651158998930528e+00
1353  0.1431885E-02  1.114401761359129051e+00
1354  0.1443904E-02  1.110143625945297474e+00
1355  0.1420573E-02  1.105877077985164991e+00
1356  0.1419277E-02  1.101602443348993488e+00
1357  0.1428760E-02  1.097320048524689007e+00
1358  0.1428297E-02  1.093030220592865254e+00
1359  0.1424607E-02  1.088733287201860911e+00
1360  0.1424215E-02  1.084429576542715878e+00
1361  0.1424998E-02  1.080119417324103548e+00
1362  0.1440037E-02  1.075803138747225329e+00
1363  0.1449315E-02  1.071481070480666986e+00
1364  0.1465006E-02  1.067153542635218777e+00
1365  0.1454562E-02  1.062820885738662513e+00
1366  0.1458435E-02  1.058483430710526418e+00
1367  0.1408979E-02  1.054141508836810681e+00
1368  0.1406772E-02  1.049795451744683472e+00
1369  0.1408721E-02  1.045445591377152983e+00
1370  0.1409776E-02  1.041092259967713041e+00
1371  0.1427179E-02  1.036735790014971625e+00
1372  0.1441684E-02  1.032376514257247413e+00
1373  0.1449173E-02  1.028014765647163209e+00
1374  0.1442941E-02  1.023650877326215847e+00
1375  0.1444080E-02  1.019285182599324102e+00
1376  0.1439502E-02  1.014918014909378385e+00
1377  0.1435190E-02  1.010549707811774001e+00
1378  0.1427042E-02  1.006180594948926865e+00
1379  0.1438286E-02  1.001811010024797444e+00
1380  0.1421510E-02  9.974412867794038018e-01
1381  0.1415551E-02  9.930717589633266673e-01
1382  0.1409268E-02  9.887027603122177100e-01
1383  0.1407559E-02  9.843346245213171475e-01
1384  0.1416965E-02  9.799676852199593613e-01
1385  0.1417027E-02  9.756022759460902805e-01
1386  0.1435929E-02  9.712387301208009749e-01
1387  0.1425690E-02  9.668773810228534771e-01
1388  0.1414785E-02  9.625185617632254775e-01
1389  0.1422745E-02  9.581626052596760035e-01
1390  0.1416020E-02  9.538098442113093212e-01
1391  0.1426941E-02  9.494606110731679260e-01
1392  0.1428503E-02  9.451152380308398548e-01
1393  0.1425702E-02  9.407740569750867587e-01
1394  0.1421990E-02  9.364373994764950693e-01
1395  0.1389915E-02  9.321055967601509229e-01
1396  0.1412743E-02  9.277789796803420641e-01
1397  0.1398135E-02  9.234578786952880591e-01
1398  0.1399316E-02  9.191426238419001526e-01
1399  0.1395922E-02  9.148335447105739870e-01
1400  0.1404946E-02  9.105309704200161836e-01
1401  0.1398564E-02  9.062352295921067835e-01
1402  0.1426778E-02  9.019466503267996593e-01
1403  0.1398272E-02  8.976655601770635595e-01
1404  0.1383828E-02  8.933922861238633439e-01
1405  0.1376989E-02  8.891271545511865160e-01
1406  0.1387705E-02  8.848704912211143858e-01
1407  0.1365498E-02  8.806226212489411953e-01
1408  0.1378965E-02  8.763838690783423147e-01
1409  0.1391851E-02  8.721545584565939535e-01
1410  0.1391946E-02  8.679350124098451635e-01
1411  0.1394084E-02  8.637255532184500151e-01
1412  0.1394929E-02  8.595265023923441827e-01
1413  0.1378607E-02  8.553381806464954717e-01
1414  0.1382604E-02  8.511609078764097447e-01
1415  0.1411367E-02  8.469950031336886953e-01
1416  0.1383381E-02  8.428407846016703342e-01
1417  0.1355392E-02  8.386985695711256517e-01
1418  0.1429051E-02  8.345686744160178971e-01
1419  0.1407596E-02  8.304514145693457916e-01
1420  0.1393939E-02  8.263471044990502445e-01
1421  0.1397093E-02  8.222560576839933466e-01
1422  0.1395023E-02  8.181785865900137455e-01
1423  0.1397236E-02  8.141150026460695077e-01
1424  0.1400652E-02  8.100656162204433741e-01
1425  0.1392935E-02  8.060307365970387217e-01
1426  0.1431637E-02  8.020106719517633431e-01
1427  0.1398808E-02  7.980057293289846143e-01
1428  0.1399143E-02  7.940162146180782532e-01
1429  0.1388690E-02  7.900424325300723360e-01
1430  0.1440287E-02  7.860846865743658096e-01
1431  0.1403652E-02  7.821432790355514753e-01
1432  0.1394397E-02  7.782185109503267917e-01
1433  0.1390489E-02  7.743106820845016003e-01
1434  0.1387847E-02  7.704200909101027728e-01
1435  0.1386695E-02  7.665470345825771137e-01
1436  0.1390615E-02  7.626918089180957372e-01
1437  0.1381914E-02  7.588547083709595853e-01
1438  0.1422222E-02  7.550360260111104171e-01
1439  0.1392983E-02  7.512360535017458263e-01
1440  0.1416778E-02  7.474550810770433928e-01
1441  0.1391690E-02  7.436933975199926383e-01
1442  0.1415376E-02  7.399512901403386689e-01
1443  0.1406765E-02  7.362290447526380621e-01
1444  0.1408308E-02  7.325269456544284408e-01
1445  0.1393467E-02  7.288452756045151748e-01
1446  0.1401629E-02  7.251843158013744350e-01
1447  0.1409394E-02  7.215443458616753736e-01
1448  0.1424077E-02  7.179256437989245399e-01
1449  0.1428168E-02  7.143284860022310889e-01
1450  0.1420955E-02  7.107531472151961127e-01
1451  0.1410486E-02  7.071999005149320894e-01
1452  0.1431872E-02  7.036690172911983510e-01
1453  0.1436102E-02  7.001607672256797699e-01
1454  0.1437491E-02  6.966754182713883470e-01
1455  0.1424088E-02  6.932132366321919204e-01
1456  0.1428384E-02  6.897744867424875359e-01
1457  0.1434885E-02  6.863594312470053804e-01
1458  0.1442872E-02  6.829683309807415004e-01
1459  0.1443061E-02  6.796014449490423992e-01
1460  0.1458887E-02  6.762590303078218623e-01
1461  0.1451727E-02  6.729413423439173370e-01
1462  0.1451665E-02  6.696486344555907522e-01
1463  0.1481544E-02  6.663811581331808842e-01
1464  0.1480414E-02  6.631391629398886156e-01
1465  0.1491017E-02  6.599228964927159602e-01
1466  0.1478406E-02  6.567326044435595200e-01
1467  0.1474974E-02  6.535685304604422763e-01
1468  0.1484221E-02  6.504309162089028096e-01
1469  0.1482300E-02  6.473200013335427272e-01
1470  0.1485841E-02  6.442360234397173091e-01
1471  0.1491471E-02  6.411792180753904669e-01
1472  0.1502592E-02  6.381498187131432465e-01
1473  0.1503163E-02  6.351480567323422033e-01
1474  0.1510150E-02  6.321741614014670940e-01
1475  0.1520149E-02  6.292283598605992179e-01
1476  0.1513313E-02  6.263108771040732936e-01
1477  0.1505144E-02  6.234219359632930946e-01
1478  0.1495331E-02  6.205617570897115076e-01
1479  0.1501219E-02  6.177305589379782358e-01
1480  0.1512044E-02  6.149285577492535904e-01
1481  0.1523305E-02  6.121559675346954776e-01
1482  0.1524585E-02  6.094130000591078122e-01
1483  0.1532291E-02  6.066998648247717840e-01
1484  0.1544940E-02  6.040167690554443247e-01
1485  0.1541516E-02  6.013639176805257724e-01
1486  0.1534686E-02  5.987415133194124994e-01
1487  0.1551234E-02  5.961497562660218463e-01
1488  0.1549782E-02  5.935888444734883640e-01
1489  0.1546505E-02  5.910589735390503474e-01
1490  0.1544730E-02  5.885603366891091204e-01
1491  0.1551799E-02  5.860931247644693975e-01
1492  0.1559081E-02  5.836575262057619451e-01
1493  0.1562052E-02  5.812537270390566446e-01
1494  0.1557787E-02  5.788819108616481968e-01
1495  0.1560459E-02  5.765422588280346705e-01
1496  0.1566738E-02  5.742349496360845684e-01
1497  0.1556815E-02  5.719601595133851912e-01
1498  0.1549735E-02  5.697180622037811837e-01
1499  0.1559119E-02  5.675088289541099229e-01
1500  0.1552402E-02  5.653326285011167629e-01
1501  0.1552367E-02  5.631896270585693420e-01
1502  0.1552277E-02  5.610799883045626268e-01
1503  0.1558645E-02  5.590038733690172457e-01
1504  0.1557243E-02  5.569614408213723333e-01
1505  0.1545745E-02  5.549528466584752184e-01
1506  0.1533104E-02  5.529782442926660657e-01
1507  0.1548988E-02  5.510377845400601382e-01
1508  0.1556818E-02  5.491316156090300105e-01
1509  0.1544159E-02  5.472598830888844024e-01
1510  0.1533481E-02  5.454227299387492955e-01
1511  0.1528059E-02  5.436202964766487788e-01
1512  0.1527464E-02  5.418527203687872884e-01
1513  0.1535096E-02  5.401201366190359066e-01
1514  0.1542865E-02  5.384226775586199443e-01
1515  0.1541544E-02  5.367604728360129140e-01
1516  0.1542970E-02  5.351336494070331185e-01
1517  0.1540143E-02  5.335423315251479615e-01
1518  0.1536222E-02  5.319866407319830959e-01
1519  0.1533003E-02  5.304666958480397376e-01
1520  0.1531550E-02  5.289826129636187035e-01
1521  0.1517238E-02  5.275345054299553915e-01
1522  0.1509509E-02  5.261224838505594859e-01
1523  0.1516629E-02  5.247466560727693796e-01
1524  0.1520825E-02  5.234071271795154301e-01
1525  0.1518044E-02  5.221039994812913809e-01
1526  0.1520366E-02  5.208373725083423889e-01
1527  0.1517290E-02  5.196073430030632156e-01
1528  0.1516320E-02  5.184140049126069183e-01
1529  0.1517136E-02  5.172574493817115870e-01
1530  0.1513401E-02  5.161377647457385809e-01
1531  0.1510017E-02  5.150550365239249251e-01
1532  0.1498683E-02  5.140093474128509810e-01
1533  0.1474859E-02  5.130007772801266075e-01
1534  0.1466385E-02  5.120294031582885985e-01
1535  0.1479155E-02  5.110952992389177219e-01
1536  0.1472513E-02  5.101985368669736953e-01
1537  0.1477492E-02  5.093391845353436587e-01
1538  0.1482612E-02  5.085173078796119128e-01
1539  0.1484657E-02  5.077329696730473740e-01
1540  0.1485380E-02  5.069862298218082985e-01
1541  0.1485324E-02  5.062771453603667204e-01
1542  0.1478224E-02  5.056057704471528247e-01
1543  0.1468068E-02  5.049721563604180341e-01
1544  0.1456980E-02  5.043763514943184756e-01
1545  0.1451497E-02  5.038184013552190477e-01
1546  0.1444206E-02  5.032983485582174232e-01
1547  0.1443162E-02  5.028162328238892087e-01
1548  0.1443740E-02  5.023720909752543706e-01
1549  0.1447405E-02  5.019659569349648187e-01
1550  0.1447077E-02  5.015978617227130343e-01
1551  0.1446655E-02  5.012678334528632984e-01
1552  0.1446583E-02  5.009758973323040765e-01
1553  0.1444937E-02  5.007220756585228916e-01
1554  0.1438455E-02  5.005063878179035752e-01
1555  0.1432077E-02  5.003288502842448970e-01
1556  0.1426642E-02  5.001894766175026819e-01
1557  0.1421683E-02  5.000882774627546379e-01
1558  0.1418407E-02  5.000252605493863411e-01
1559  0.1413370E-02  5.000004306905017071e-01
1560  0.1411180E-02  5.000137897825547295e-01
1561  0.1413670E-02  5.000653368052052627e-01
1562  0.1413286E-02  5.001550678213964041e-01
1563  0.1411545E-02  5.002829759776554752e-01
1564  0.1410348E-02  5.004490515046174925e-01
1565  0.1410107E-02  5.006532817177712369e-01
1566  0.1405369E-02  5.008956510184281452e-01
1567  0.1402618E-02  5.011761408949133578e-01
1568  0.1404371E-02  5.014947299239804757e-01
1569  0.1399636E-02  5.018513937724469187e-01
1570  0.1389459E-02  5.022461051990525505e-01
1571  0.1381348E-02  5.026788340565406799e-01
1572  0.1380474E-02  5.031495472939613300e-01
1573  0.1383997E-02  5.036582089591933320e-01
1574  0.1383978E-02  5.042047802016926816e-01
1575  0.1384427E-02  5.047892192754589447e-01
1576  0.1381869E-02  5.054114815422232621e-01
1577  0.1382474E-02  5.060715194748579560e-01
1578  0.1377480E-02  5.067692826610079582e-01
1579  0.1372517E-02  5.075047178069387321e-01
1580  0.1368350E-02  5.082777687416083490e-01
1581  0.1362156E-02  5.090883764209577222e-01
1582  0.1352927E-02  5.099364789324196678e-01
1583  0.1346614E-02  5.108220114996480099e-01
1584  0.1345601E-02  5.117449064874650677e-01
1585  0.1344371E-02  5.127050934070271904e-01
1586  0.1342325E-02  5.137024989212086723e-01
1587  0.1339397E-02  5.147370468502038277e-01
1588  0.1335406E-02  5.158086581773441148e-01
1589  0.1329215E-02  5.169172510551343080e-01
1590  0.1323306E-02  5.180627408115033861e-01
1591  0.1315875E-02  5.192450399562718033e-01
1592  0.1308958E-02  5.204640581878338113e-01
1593  0.1299725E-02  5.217197024000541639e-01
1594  0.1290536E-02  5.230118766893798732e-01
1595  0.1284839E-02  5.243404823621650168e-01
1596  0.1282566E-02  5.257054179422082640e-01
1597  0.1280276E-02  5.271065791785041199e-01
1598  0.1275802E-02  5.285438590532047787e-01
1599  0.1271338E-02  5.300171477897948069e-01
1600  0.1266293E-02  5.315263328614747707e-01
1601  0.1259587E-02  5.330712989997552498e-01
1602  0.1252091E-02  5.346519282032633491e-01
1603  0.1246229E-02  5.362680997467528243e-01
1604  0.1239296E-02  5.379196901903250394e-01
1605  0.1232430E-02  5.396065733888593119e-01
1606  0.1227599E-02  5.413286205016452080e-01
1607  0.1222630E-02  5.430857000022230041e-01
1608  0.1218754E-02  5.448776776884325379e-01
1609  0.1217395E-02  5.467044166926602333e-01
1610  0.1213491E-02  5.485657774922924057e-01
1611  0.1207458E-02  5.504616179203742909e-01
1612  0.1201210E-02  5.523917931764679157e-01
1613  0.1196092E-02  5.543561558377090304e-01
1614  0.1189711E-02  5.563545558700697669e-01
1615  0.1183962E-02  5.583868406398182493e-01
1616  0.1178067E-02  5.604528549251728275e-01
1617  0.1171904E-02  5.625524409281612570e-01
1618  0.1167045E-02  5.646854382866728361e-01
1619  0.1162934E-02  5.668516840867030560e-01
1620  0.1160644E-02  5.690510128748007546e-01
1621  0.1158039E-02  5.712832566707027881e-01
1622  0.1154927E-02  5.735482449801647675e-01
1623  0.1149920E-02  5.758458048079826419e-01
1624  0.1144532E-02  5.781757606712063513e-01
1625  0.1140271E-02  5.805379346125423279e-01
1626  0.1135078E-02  5.829321462139454013e-01
1627  0.1128782E-02  5.853582126103996641e-01
1628  0.1122153E-02  5.878159485038840781e-01
1629  0.1116904E-02  5.903051661775260417e-01
1630  0.1113731E-02  5.928256755099388098e-01
1631  0.1109316E-02  5.953772839897417679e-01
1632  0.1106513E-02  5.979597967302652251e-01
1633  0.1104049E-02  6.005730164844342855e-01
1634  0.1101401E-02  6.032167436598354637e-01
1635  0.1098671E-02  6.058907763339596020e-01
1636  0.1094981E-02  6.085949102696258661e-01
1637  0.1090916E-02  6.113289389305798238e-01
1638  0.1086271E-02  6.140926534972689366e-01
1639  0.1080530E-02  6.168858428827912466e-01
1640  0.1073185E-02  6.197082937490188126e-01
1641  0.1069268E-02  6.225597905228890117e-01
1642  0.1065883E-02  6.254401154128750306e-01
1643  0.1062982E-02  6.283490484256156750e-01
1644  0.1059736E-02  6.312863673827174837e-01
1645  0.1057067E-02  6.342518479377299290e-01
1646  0.1055856E-02  6.372452635932751575e-01
1647  0.1054025E-02  6.402663857183470419e-01
1648  0.1050585E-02  6.433149835657796523e-01
1649  0.1046920E-02  6.463908242898649403e-01
1650  0.1042502E-02  6.494936729641385131e-01
1651  0.1036265E-02  6.526232925993245004e-01
1652  0.1030174E-02  6.557794441614374081e-01
1653  0.1025472E-02  6.589618865900336298e-01
1654  0.1021540E-02  6.621703768166280479e-01
1655  0.1016406E-02  6.654046697832598500e-01
1656  0.1012269E-02  6.686645184612036719e-01
1657  0.1008965E-02  6.719496738698422789e-01
1658  0.1005267E-02  6.752598850956841314e-01
1659  0.1003666E-02  6.785948993115215044e-01
1660  0.1001079E-02  6.819544617957469246e-01
1661  0.1000762E-02  6.853383159518056100e-01
1662  0.9975415E-03  6.887462033277942375e-01
1663  0.9916267E-03  6.921778636362010406e-01
1664  0.9877937E-03  6.956330347737857966e-01
1665  0.9842249E-03  6.991114528415993679e-01
1666  0.9803832E-03  7.026128521651389125e-01
1667  0.9764523E-03  7.061369653146398750e-01
1668  0.9718292E-03  7.096835231255025356e-01
1669  0.9674912E-03  7.132522547188486772e-01
1670  0.9642365E-03  7.168428875222129237e-01
1671  0.9627646E-03  7.204551472903568676e-01
1672  0.9627076E-03  7.240887581262231976e-01
1673  0.9621984E-03  7.277434425020006259e-01
1674  0.9594238E-03  7.314189212803221540e-01
1675  0.9549648E-03  7.351149137355905694e-01
1676  0.9507252E-03  7.388311375754135213e-01
1677  0.9463831E-03  7.425673089621647183e-01
1678  0.9436986E-03  7.463231425346689152e-01
1679  0.9386061E-03  7.500983514299909283e-01
1680  0.9338364E-03  7.538926473053464417e-01
1681  0.9285566E-03  7.577057403601274999e-01
1682  0.9282170E-03  7.615373393580386896e-01
1683  0.9297845E-03  7.653871516493331306e-01
1684  0.9265024E-03  7.692548831931721454e-01
1685  0.9242691E-03  7.731402385800832944e-01
1686  0.9233606E-03  7.770429210545161114e-01
1687  0.9204253E-03  7.809626325375147449e-01
1688  0.9197168E-03  7.848990736494846354e-01
1689  0.9170411E-03  7.888519437330514528e-01
1690  0.9121456E-03  7.928209408760327204e-01
1691  0.9045361E-03  7.968057619344927067e-01
1692  0.9004029E-03  8.008061025558975699e-01
1693  0.8956912E-03  8.048216572023607629e-01
1694  0.8976564E-03  8.088521191739791449e-01
1695  0.8919361E-03  8.128971806322586868e-01
1696  0.8904606E-03  8.169565326236262193e-01
1697  0.8880131E-03  8.210298651030265571e-01
1698  0.8862395E-03  8.251168669576031123e-01
1699  0.8824007E-03  8.292172260304605524e-01
1700  0.8787706E-03  8.333306291445061742e-01
1701  0.8790428E-03  8.374567621263697692e-01
1702  0.8839317E-03  8.415953098304002067e-01
1703  0.8763282E-03  8.457459561627345135e-01
1704  0.8720788E-03  8.499083841054413391e-01
1705  0.8718382E-03  8.540822757407338095e-01
1706  0.8741027E-03  8.582673122752517703e-01
1707  0.8668094E-03  8.624631740644099764e-01
1708  0.8657951E-03  8.666695406368123411e-01
1709  0.8634182E-03  8.708860907187289113e-01
1710  0.8623601E-03  8.751125022586345725e-01
1711  0.8531480E-03  8.793484524518029311e-01
1712  0.8519459E-03  8.835936177649696965e-01
1713  0.8516500E-03  8.878476739610356994e-01
1714  0.8579160E-03  8.921102961238318585e-01
1715  0.8516502E-03  8.963811586829431022e-01
1716  0.8576583E-03  9.006599354385669276e-01
1717  0.8609566E-03  9.049462995864279158e-01
1718  0.8564994E-03  9.092399237427466474e-01
1719  0.8485423E-03  9.135404799692359301e-01
1720  0.8493177E-03  9.178476397981496504e-01
1721  0.8483865E-03  9.221610742573735919e-01
1722  0.8466029E-03  9.264804538955528912e-01
1723  0.8441421E-03  9.308054488072465826e-01
1724  0.8422096E-03  9.351357286581329920e-01
1725  0.8414201E-03  9.394709627102403315e-01
1726  0.8431386E-03  9.438108198471998334e-01
1727  0.8426033E-03  9.481549685995434018e-01
1728  0.8445526E-03  9.525030771700205845e-01
1729  0.8517218E-03  9.568548134589329734e-01
1730  0.8568550E-03  9.612098450895080193e-01
1731  0.8373705E-03  9.655678394332806169e-01
1732  0.8428012E-03  9.699284636354996714e-01
1733  0.8422779E-03  9.742913846405507616e-01
1734  0.8409592E-03  9.786562692173944589e-01
1735  0.8385714E-03  9.830227839850178562e-01
1736  0.8374912E-03  9.873905954378970895e-01
1737  0.8406875E-03  9.917593699714701838e-01
1738  0.8381193E-03  9.961287739076172265e-01
1739  0.8370335E-03  1.000498473520144760e+00
1740  0.8371377E-03  1.004868135060279499e+00
