200
0.000000000000000000E+00 1.758173561727834739E-04
5.025125628140703592E-03 5.487055340241928396E-04
1.005025125628140718E-02 1.031901613974513156E-03
1.507537688442210991E-02 1.588173933354303366E-03
2.010050251256281437E-02 2.187668135935919023E-03
2.512562814070351883E-02 2.806786342641481944E-03
3.015075376884421982E-02 3.427203987301123862E-03
3.517587939698492427E-02 4.035010475543094818E-03
4.020100502512562873E-02 4.619960959136262812E-03
4.522613065326633319E-02 5.174827577986075566E-03
5.025125628140703765E-02 5.694839511262284396E-03
5.527638190954774211E-02 6.177202101430837380E-03
6.030150753768843963E-02 6.620686173761185754E-03
6.532663316582915103E-02 7.025279472542168314E-03
7.035175879396984855E-02 7.391892876996408387E-03
7.537688442211055995E-02 7.722114747842472385E-03
8.040201005025125747E-02 8.018007392602527483E-03
8.542713567839195499E-02 8.281940226959194282E-03
9.045226130653266639E-02 8.516454753481398493E-03
9.547738693467336391E-02 8.724156980505015993E-03
1.005025125628140753E-01 8.907633365400013936E-03
1.055276381909547728E-01 9.069386790303697946E-03
1.105527638190954842E-01 9.211789466968109755E-03
1.155778894472361817E-01 9.337050022873591426E-03
1.206030150753768793E-01 9.447192345318947138E-03
1.256281407035175768E-01 9.544044055828572459E-03
1.306532663316583021E-01 9.629232755850137410E-03
1.356783919597989996E-01 9.704188428182627252E-03
1.407035175879396971E-01 9.770150598626787045E-03
1.457286432160803946E-01 9.828179060645290260E-03
1.507537688442211199E-01 9.879167143938070994E-03
1.557788944723618174E-01 9.923856667278971658E-03
1.608040201005025149E-01 9.962853858136160035E-03
1.658291457286432125E-01 9.996645647864703041E-03
1.708542713567839100E-01 1.002561586287316862E-02
1.758793969849246352E-01 1.005006093034018812E-02
1.809045226130653328E-01 1.007020480291491958E-02
1.859296482412060303E-01 1.008621288144387514E-02
1.909547738693467278E-01 1.009820477913709290E-02
1.959798994974874531E-01 1.010626582564526886E-02
2.010050251256281506E-01 1.011045725616841265E-02
2.060301507537688481E-01 1.011082506976350784E-02
2.110552763819095456E-01 1.010740757324996714E-02
2.160804020100502432E-01 1.010024165324186103E-02
2.211055276381909684E-01 1.008936783952752748E-02
2.261306532663316660E-01 1.007483423892330254E-02
2.311557788944723635E-01 1.005669943036382845E-02
2.361809045226130610E-01 1.003503441998133440E-02
2.412060301507537585E-01 1.000992375965444915E-02
2.462311557788944838E-01 9.981465934535433543E-03
2.512562814070351536E-01 9.949773124703608848E-03
2.562814070351758788E-01 9.914970443810764561E-03
2.613065326633166041E-01 9.877194753659439275E-03
2.663316582914572739E-01 9.836593148443182472E-03
2.713567839195979992E-01 9.793321196113421306E-03
2.763819095477387244E-01 9.747541017358175852E-03
2.814070351758793942E-01 9.699419275098193280E-03
2.864321608040201195E-01 9.649125139481422656E-03
2.914572864321607892E-01 9.596828285369961992E-03
2.964824120603015145E-01 9.542696971118178745E-03
3.015075376884422398E-01 9.486896239580395324E-03
3.065326633165829096E-01 9.429586274508315602E-03
3.115577889447236348E-01 9.370920938098738912E-03
3.165829145728643046E-01 9.311046508497648408E-03
3.216080402010050299E-01 9.250100629502024108E-03
3.266331658291457551E-01 9.188211478766339022E-03
3.316582914572864249E-01 9.125497155320433373E-03
3.366834170854271502E-01 9.062065282389951057E-03
3.417085427135678199E-01 8.998012817256656123E-03
3.467336683417085452E-01 8.933426056219878966E-03
3.517587939698492705E-01 8.868380819680663982E-03
3.567839195979899403E-01 8.802942799835592955E-03
3.618090452261306655E-01 8.737168051715172093E-03
3.668341708542713353E-01 8.671103606720980198E-03
3.718592964824120606E-01 8.604788187122040452E-03
3.768844221105527859E-01 8.538252999598825235E-03
3.819095477386934556E-01 8.471522585832095067E-03
3.869346733668341809E-01 8.404615708834436288E-03
3.919597989949749062E-01 8.337546254399206061E-03
3.969849246231155759E-01 8.270324128187934998E-03
4.020100502512563012E-01 8.202956130607702567E-03
4.070351758793969710E-01 8.135446792961511728E-03
4.120603015075376963E-01 8.067799160489750460E-03
4.170854271356784215E-01 8.000015509917454692E-03
4.221105527638190913E-01 7.932097990784595792E-03
4.271356783919598166E-01 7.864049182717599423E-03
4.321608040201004863E-01 7.795872562262442899E-03
4.371859296482412116E-01 7.727572875566590845E-03
4.422110552763819369E-01 7.659156415171695063E-03
4.472361809045226066E-01 7.590631200975228240E-03
4.522613065326633319E-01 7.522007067695775893E-03
4.572864321608040017E-01 7.453295663093595196E-03
4.623115577889447270E-01 7.384510362059421885E-03
4.673366834170854522E-01 7.315666104194968808E-03
4.723618090452261220E-01 7.246779163012699761E-03
4.773869346733668473E-01 7.177866856295959247E-03
4.824120603015075170E-01 7.108947208058147976E-03
4.874371859296482423E-01 7.040038572989053105E-03
4.924623115577889676E-01 6.971159234699582895E-03
4.974874371859296374E-01 6.902326989474334359E-03
5.025125628140703071E-01 6.833558727202673939E-03
5.075376884422110324E-01 6.764870020634687620E-03
5.125628140703517577E-01 6.696274733965647263E-03
5.175879396984924830E-01 6.627784660949109959E-03
5.226130653266332082E-01 6.559409201769430577E-03
5.276381909547738225E-01 6.491155088191070087E-03
5.326633165829145478E-01 6.423026162259718765E-03
5.376884422110552730E-01 6.355023217109328354E-03
5.427135678391959983E-01 6.287143903059530178E-03
5.477386934673367236E-01 6.219382702187467755E-03
5.527638190954774489E-01 6.151730974906965271E-03
5.577889447236180631E-01 6.084177075899148586E-03
5.628140703517587884E-01 6.016706542466867570E-03
5.678391959798995137E-01 5.949302347984827648E-03
5.728643216080402389E-01 5.881945219458716359E-03
5.778894472361809642E-01 5.814614012352152354E-03
5.829145728643215785E-01 5.747286136726183214E-03
5.879396984924623037E-01 5.679938024147456431E-03
5.929648241206030290E-01 5.612545630587194474E-03
5.979899497487437543E-01 5.545084960250135087E-03
6.030150753768844796E-01 5.477532604016102993E-03
6.080402010050250938E-01 5.409866277701007309E-03
6.130653266331658191E-01 5.342065351000810890E-03
6.180904522613065444E-01 5.274111355341354161E-03
6.231155778894472697E-01 5.205988453796205409E-03
6.281407035175879949E-01 5.137683872997558451E-03
6.331658291457286092E-01 5.069188271529345528E-03
6.381909547738693345E-01 5.000496049077773203E-03
6.432160804020100597E-01 4.931605575710682615E-03
6.482412060301507850E-01 4.862519343566623978E-03
6.532663316582915103E-01 4.793244023032740969E-03
6.582914572864321245E-01 4.723790433891423071E-03
6.633165829145728498E-01 4.654173411946130150E-03
6.683417085427135751E-01 4.584411580962538535E-03
6.733668341708543004E-01 4.514527031045341594E-03
6.783919597989950256E-01 4.444544898540314128E-03
6.834170854271356399E-01 4.374492860395309476E-03
6.884422110552763652E-01 4.304400548755053443E-03
6.934673366834170904E-01 4.234298891660521515E-03
6.984924623115578157E-01 4.164219395735813296E-03
7.035175879396985410E-01 4.094193386731271450E-03
7.085427135678391553E-01 4.024251215335175429E-03
7.135678391959798805E-01 3.954421452344345639E-03
7.185929648241206058E-01 3.884730094833776983E-03
7.236180904522613311E-01 3.815199787847904124E-03
7.286432160804020564E-01 3.745849103951697390E-03
7.336683417085426706E-01 3.676691883932489864E-03
7.386934673366833959E-01 3.607736669906254010E-03
7.437185929648241212E-01 3.538986241351493520E-03
7.487437185929648464E-01 3.470437286311183790E-03
7.537688442211055717E-01 3.402080219189459586E-03
7.587939698492462970E-01 3.333899143943430936E-03
7.638190954773869112E-01 3.265872019711101200E-03
7.688442211055276365E-01 3.197970984435644180E-03
7.738693467336683618E-01 3.130162881677005411E-03
7.788944723618090871E-01 3.062409976002626686E-03
7.839195979899498123E-01 2.994670850768558958E-03
7.889447236180904266E-01 2.926901493449500860E-03
7.939698492462311519E-01 2.859056516661158311E-03
7.989949748743718771E-01 2.791090563138883592E-03
8.040201005025126024E-01 2.722959771116085972E-03
8.090452261306533277E-01 2.654623361265898759E-03
8.140703517587939420E-01 2.586045220329683675E-03
8.190954773869346672E-01 2.517195504766136724E-03
8.241206030150753925E-01 2.448052122904761495E-03
8.291457286432161178E-01 2.378602166792676519E-03
8.341708542713568431E-01 2.308843059889570393E-03
8.391959798994974573E-01 2.238783516002693531E-03
8.442211055276381826E-01 2.168444105388142931E-03
8.492462311557789079E-01 2.097857465119429363E-03
8.542713567839196331E-01 2.027067998832906160E-03
8.592964824120603584E-01 1.956131089248760568E-03
8.643216080402009727E-01 1.885111667733537378E-03
8.693467336683416979E-01 1.814082196808109587E-03
8.743718592964824232E-01 1.743120031350862574E-03
8.793969849246231485E-01 1.672304055322018125E-03
8.844221105527638738E-01 1.601710804596600396E-03
8.894472361809044880E-01 1.531409998263676435E-03
8.944723618090452133E-01 1.461459650224745379E-03
8.994974874371859386E-01 1.391900932892262523E-03
9.045226130653266639E-01 1.322753100551168166E-03
9.095477386934673891E-01 1.254008583748009598E-03
9.145728643216080034E-01 1.185628955723739067E-03
9.195979899497487287E-01 1.117542003578641087E-03
9.246231155778894539E-01 1.049640768304080200E-03
9.296482412060301792E-01 9.817851772758576148E-04
9.346733668341709045E-01 9.138072880547339159E-04
9.396984924623115187E-01 8.455212165287694266E-04
9.447236180904522440E-01 7.767392121316774901E-04
9.497487437185929693E-01 7.072951616396755316E-04
9.547738693467336946E-01 6.370777056987176690E-04
9.597989949748744198E-01 5.660748559160095781E-04
9.648241206030150341E-01 4.944325090266275423E-04
9.698492462311557594E-01 4.225300048020774182E-04
9.748743718592964846E-01 3.510754758996155142E-04
9.798994974874372099E-01 2.812251430578012468E-04
9.849246231155779352E-01 2.147303429831625137E-04
9.899497487437186605E-01 1.541172722161450535E-04
9.949748743718592747E-01 1.029045265269415698E-04
1.000000000000000000E+00 6.586467325064452932E-05
