 50
 0.00000     0.00001
 0.00078     0.00013
 0.00308     0.00051
 0.00688     0.00114
 0.01215     0.00201
 0.01885     0.00310
 0.02694     0.00440
 0.03639     0.00589
 0.04717     0.00757
 0.05924     0.00941
 0.07256     0.01139
 0.08709     0.01349
 0.10280     0.01570
 0.11965     0.01799
 0.13760     0.02035
 0.15660     0.02274
 0.17661     0.02516
 0.19760     0.02757
 0.21951     0.02996
 0.24231     0.03230
 0.26594     0.03457
 0.29035     0.03675
 0.31551     0.03883
 0.34135     0.04078
 0.36782     0.04258
 0.39488     0.04422
 0.42246     0.04568
 0.45050     0.04695
 0.47895     0.04801
 0.50774     0.04885
 0.53680     0.04947
 0.56607     0.04986
 0.59547     0.05000
 0.62492     0.04979
 0.65434     0.04904
 0.68365     0.04776
 0.71275     0.04596
 0.74154     0.04366
 0.76991     0.04090
 0.79774     0.03770
 0.82489     0.03411
 0.85123     0.03020
 0.87658     0.02602
 0.90075     0.02167
 0.92350     0.01725
 0.94455     0.01287
 0.96352     0.00868
 0.97989     0.00489
 0.99280     0.00178
 1.00000    -0.00000
